0.87991	0.28143	0.47643	-0.25678	0.59287	0.37486	0.50536	0.49914	0.24593	0.56635	0.37708	-0.37322	0.44693	0.16165	0.41136	0.10032	0.44161	0.26913	0.11848	0.49135	0.32441	0.14558	0.50603	0.43788	0.36579	-0.0041397	0.66628	0.63521	-0.33184	0.57356	0.6518	0.13344	0.4966	0.51536	0.17113	0.66311	0.6787	0.19774	0.27594	0.32225	0.32175	0.64785	0.58396	0.2204	0.048096	0.59585	0.1771	0.24814	-0.36077	-0.25312	0.63065	0.57359	0.39095	0.54656	0.42053	0.67956	-0.097797	0.24913	0.35838	0.18391	0.55448	0.17468	-0.096852	0.19016	0.38	-0.033796	-0.11406	0.51866	0.15782	0.53902	0.049247	0.59502	0.16287	-0.18576	0.19328	0.1022	0.53493	-0.18179	-0.167	0.59693	0.58842	0.64262	0.069551	0.05285	-0.33016	0.51211	-0.10968	0.28547	0.28628	-0.096773	0.078735	0.30554	0.01569	0.65515	0.24208	0.15983	0.39658	0.57455	0.41829	0.59734	0.32935	0.458	0.62777	0.66668	-0.28222	0.19969	0.63162	0.2408	0.45544	-0.31819	0.40836	0.60904	0.18493	0.46929	0.2189	0.66763	0.45185	0.47513	0.2461	0.24982	0.63746	0.70608	-0.18563	0.52759	0.18598	0.50552	-0.11685	0.20432	0.20166	-0.086518
0.28143	0.88806	0.6404	0.30408	0.22566	0.75178	0.55981	0.10284	0.63477	-0.21809	0.050333	0.2068	-0.15238	0.66934	0.67831	0.33738	0.58168	0.33041	0.35557	-0.10453	0.25294	0.27123	0.17307	0.2833	0.52941	-0.37787	0.10975	0.11355	0.025909	0.25875	0.016249	-0.36267	-0.10128	0.30205	0.31565	0.24871	0.35696	0.63504	0.49015	0.49074	-0.12787	0.143	0.41057	0.5594	0.22079	0.20574	-0.018702	0.53393	-0.17363	-0.46235	0.059576	0.35154	0.1235	0.21562	0.50742	0.29174	0.48451	0.10546	0.092577	0.0035095	0.12698	-0.11565	0.34835	-0.33414	0.75719	0.46556	-0.090899	0.055033	0.58644	0.42085	0.34808	0.1167	0.21981	0.29531	0.33918	0.58604	0.58018	0.31382	0.2545	0.30365	0.053234	0.31787	0.082286	0.30194	-0.052264	0.37098	0.60663	0.60717	0.23041	-0.0075798	0.22589	-0.04473	-0.40849	0.38246	0.22163	0.3103	0.45248	0.31304	0.33006	0.40302	0.39132	0.1875	0.42663	-0.0022338	0.16065	0.1232	0.085317	-0.47644	0.48869	0.027828	0.42229	0.39228	-0.24121	0.24955	-0.085055	0.18412	0.13021	0.078077	0.23288	0.20801	0.53756	0.23634	0.43137	0.29145	-0.24919	0.27801	-0.27016	0.39661	0.51995	0.29782
0.47643	0.6404	0.75762	0.079161	0.25859	0.67888	0.6256	0.26391	0.51729	0.12594	0.18004	-0.10023	0.3269	0.37133	0.68224	0.4861	0.62701	0.44119	0.1033	0.24851	0.14719	0.38523	0.17281	0.2157	0.24959	-0.18996	0.46905	0.20627	-0.14919	0.28874	0.37328	-0.12594	-0.0023076	0.21163	0.27551	0.24378	0.27728	0.56184	0.34083	0.44287	0.048999	0.23959	0.29955	0.28923	0.1107	0.21255	-0.11743	0.29875	-0.2919	-0.42657	0.13989	0.27867	0.2868	0.19928	0.45202	0.22682	0.23978	0.16388	0.2389	0.19224	0.094985	0.24816	0.23174	-0.069063	0.68424	0.1908	-0.1132	0.35613	0.32063	0.22184	0.23442	0.16353	0.43373	0.029821	0.26502	0.44803	0.51045	0.22489	-0.045171	0.26803	0.16375	0.22027	0.20135	0.18101	-0.20607	0.22326	0.43282	0.37679	0.17402	-0.12368	0.084292	0.057996	-0.24458	0.26449	0.08277	0.35062	0.25036	0.21439	0.45942	0.26826	0.29459	0.11442	0.29962	0.18265	-0.021141	0.01842	0.19311	-0.1259	0.57916	-0.1723	0.2063	0.24401	0.017361	0.20362	-0.010392	0.32531	0.097707	0.11673	0.1113	0.36818	0.34518	0.35354	0.37882	0.2782	-0.051879	0.24387	-0.29508	0.29022	0.31528	0.26875
-0.25678	0.30408	0.079161	0.94258	-0.15905	0.17319	-0.060748	-0.33366	0.36393	-0.5188	-0.52649	0.53612	-0.29771	0.60841	0.10636	-0.047342	0.27315	0.12513	-0.021879	-0.21532	-0.27492	0.27679	-0.21965	-0.25925	0.081494	-0.21409	-0.22895	-0.13471	0.46746	-0.17112	-0.4684	-0.2274	-0.24558	-0.14577	0.43633	-0.31497	-0.16068	0.46758	-0.17977	0.48361	-0.28206	-0.24085	-0.071793	-0.03629	0.27848	-0.12558	-0.23863	-0.012292	0.32939	-0.43743	-0.47233	0.014217	0.24002	-0.20647	0.22778	-0.2147	0.67198	-0.066867	-0.04849	-0.04237	-0.41379	0.022402	-0.051706	-0.36453	0.24969	0.66949	0.39693	-0.36165	0.46754	0.028541	-0.14978	-0.22106	0.21291	0.77017	0.013619	0.5196	0.041244	0.56867	0.45992	-0.13753	-0.34056	-0.22386	0.13772	0.17365	0.5614	-0.18812	0.53448	0.086825	-0.024253	-0.065712	-0.20727	-0.34191	-0.41183	-0.11626	-0.28673	0.19898	0.077466	-0.25404	-0.19378	-0.18125	0.17763	-0.25859	-0.026999	-0.43974	0.74442	-0.0015898	-0.32658	-0.44246	-0.10026	0.43742	-0.0062238	-0.13866	-0.18521	0.024352	-0.31921	-0.20853	-0.37294	-0.22905	-0.11161	0.4272	-0.056138	-0.27515	0.36678	-0.093191	-0.25762	-0.0014855	-0.043645	0.020822	0.56864	0.48483
0.59287	0.22566	0.25859	-0.15905	0.96227	0.23139	0.32719	0.36933	0.43117	0.51925	0.27919	0.043382	0.18677	0.32238	0.23414	0.13375	0.25908	-0.047981	0.32638	0.49358	0.58656	0.31172	0.76126	0.58558	0.54821	-0.47728	0.54713	0.57405	0.036008	0.87738	0.47114	-0.12417	0.80753	0.72563	0.3171	0.81949	0.72242	0.29034	0.62446	0.489	0.67684	0.80199	0.72959	0.52641	-0.35426	0.69252	0.53001	0.53887	0.11475	-0.15563	0.74131	0.72551	0.49368	0.78377	0.53586	0.73566	0.12817	0.66635	0.71767	-0.0054892	0.72961	0.1178	0.0057711	0.44159	0.34101	0.29533	0.40012	0.49827	0.54193	0.60377	0.35646	0.82071	0.19274	0.12086	0.58836	0.14446	0.39534	0.18961	0.20876	0.71669	0.80501	0.78839	0.36914	0.49466	0.12886	0.74874	0.057388	0.44683	0.69782	0.41884	0.3153	0.53425	0.23635	0.67965	0.45504	0.52636	0.73438	0.80416	0.35899	0.76434	0.64389	0.6757	0.65951	0.77669	0.088411	0.73852	0.78441	0.22972	0.33315	0.091939	0.70651	0.66987	0.33617	0.75502	0.60156	0.73949	0.79807	0.78292	0.24973	0.2515	0.60386	0.79545	-0.19624	0.9168	0.44525	0.65529	-0.34823	0.31197	0.41857	-0.23865
0.37486	0.75178	0.67888	0.17319	0.23139	0.75054	0.59176	0.13197	0.59105	-0.011883	0.063886	0.070813	0.039813	0.51093	0.68841	0.41612	0.55646	0.32708	0.18837	0.064158	0.17496	0.30283	0.15939	0.19804	0.34313	-0.29164	0.27356	0.16848	-0.018487	0.25451	0.22852	-0.24309	-0.047203	0.22673	0.33388	0.22334	0.29255	0.56488	0.36906	0.40693	-0.030351	0.16488	0.32327	0.37783	0.23125	0.18283	-0.044382	0.34062	-0.17136	-0.49688	0.045574	0.2586	0.15685	0.186	0.43317	0.24319	0.38318	0.16122	0.12682	0.080553	0.061583	-0.036738	0.323	-0.17121	0.68498	0.31403	-0.04883	0.24442	0.38891	0.26864	0.26635	0.11579	0.20202	0.16165	0.29613	0.47549	0.53	0.20044	0.071332	0.25623	0.079512	0.23866	0.10687	0.25431	-0.076584	0.24374	0.46303	0.40048	0.17338	-0.058858	0.068964	0.035879	-0.33698	0.31375	0.087466	0.31241	0.28179	0.24428	0.35705	0.31369	0.24306	0.1525	0.34322	0.097725	0.017637	0.053263	0.14701	-0.32609	0.55104	0.01862	0.27477	0.28731	-0.062918	0.19456	-0.015539	0.24311	0.10226	0.070767	0.12056	0.22437	0.3773	0.28871	0.38838	0.25219	-0.12264	0.2329	-0.23455	0.34214	0.40469	0.25281
0.50536	0.55981	0.6256	-0.060748	0.32719	0.59176	0.60351	0.3216	0.50686	0.1857	0.19258	-0.12656	0.30059	0.32028	0.61282	0.29618	0.51891	0.41158	0.078687	0.26367	0.25918	0.29089	0.28418	0.31005	0.35249	-0.15717	0.44482	0.25244	-0.11061	0.36501	0.41598	-0.11535	0.057241	0.32717	0.26017	0.34388	0.37917	0.45382	0.34169	0.41105	0.00453	0.31493	0.3985	0.35919	0.11408	0.28985	-0.021707	0.31939	-0.28295	-0.39855	0.19931	0.34617	0.25025	0.29772	0.35972	0.35337	0.20498	0.1926	0.15874	0.20041	0.21416	0.11283	0.16134	-0.12963	0.64214	0.17331	-0.13052	0.43029	0.22746	0.27216	0.2369	0.22802	0.26952	0.056609	0.32411	0.3976	0.57858	0.096913	-0.060552	0.3536	0.24219	0.33569	0.17041	0.19462	-0.12487	0.35126	0.24589	0.38627	0.27016	-0.024855	0.11629	0.14796	-0.30176	0.39197	0.1992	0.28722	0.33881	0.36461	0.47436	0.40426	0.31361	0.26569	0.42484	0.26655	-0.084824	0.13634	0.25049	-0.18286	0.51231	-0.10775	0.36688	0.36573	-0.099303	0.27599	0.06098	0.36494	0.20794	0.11984	0.098284	0.23639	0.4556	0.45199	0.26326	0.31558	-0.02942	0.31362	-0.25696	0.22316	0.3338	0.23725
0.49914	0.10284	0.26391	-0.33366	0.36933	0.13197	0.3216	0.74797	-0.07065	0.4438	0.75473	-0.26105	0.48687	-0.17064	0.048836	0.091427	0.12283	0.091862	0.16011	0.41986	0.5167	-0.11292	0.47051	0.5759	0.10491	0.11744	0.37068	0.26063	-0.25885	0.32005	0.24606	0.027448	0.20215	0.60178	-0.01542	0.44413	0.46306	0.050285	0.2492	0.089775	0.084183	0.33601	0.53385	0.18295	-0.21655	0.23107	0.32842	0.27874	-0.43092	-0.0038885	0.47417	0.38181	0.18714	0.46892	-0.013163	0.35854	-0.29164	-0.01834	0.1879	0.026661	0.46166	0.25411	0.14438	-0.035435	0.17325	-0.17406	-0.31183	0.17264	0.16047	0.27828	0.17301	0.26001	0.11868	-0.23471	0.32784	0.0069358	0.1355	0.030168	-0.11845	0.48363	0.33723	0.36541	0.29105	-0.001847	-0.2603	0.34655	-0.13068	0.088834	0.18104	-0.12982	0.12364	0.20119	-0.075705	0.28067	0.39804	0.15613	0.21613	0.50883	0.11769	0.52747	0.29638	0.3611	0.4061	0.55013	-0.22983	0.29307	0.24703	0.20862	0.20558	-0.19417	0.23486	0.2569	-0.12853	0.25144	0.24391	0.22067	0.29739	0.052785	0.2401	-0.031075	0.31326	0.36245	-0.031153	0.37711	0.0074888	0.21234	-0.19112	-0.18965	0.10214	-0.18452
0.24593	0.63477	0.51729	0.36393	0.43117	0.59105	0.50686	-0.07065	0.88404	-0.053346	-0.14397	0.34576	-0.059678	0.72724	0.65888	0.24916	0.48454	0.24817	0.059611	0.02799	0.10228	0.55404	0.26802	0.11284	0.49963	-0.4964	0.26126	0.18743	0.33916	0.42749	0.18735	-0.29372	0.1767	0.25591	0.56346	0.25904	0.34933	0.6869	0.4123	0.63502	0.22854	0.30528	0.37529	0.43598	0.062346	0.33319	-0.057522	0.34965	0.17774	-0.31881	0.13797	0.40933	0.31456	0.27817	0.64398	0.36486	0.74243	0.41888	0.32025	0.047476	0.20852	-0.036178	-0.014382	-0.057509	0.78259	0.57868	0.41658	0.32509	0.53641	0.40768	0.17571	0.32003	0.24722	0.56424	0.38719	0.53844	0.66872	0.35623	0.38294	0.30192	0.20376	0.37224	0.15215	0.44938	0.35188	0.35465	0.46173	0.42527	0.42304	0.24008	0.032498	0.11891	-0.17979	0.45376	0.020781	0.51465	0.50563	0.31872	0.33276	0.34919	0.42222	0.24803	0.44076	0.17241	0.37384	0.28848	0.30143	-0.241	0.27793	0.33014	0.49972	0.40768	-0.0057306	0.42589	0.06665	0.39768	0.25493	0.2922	0.21978	0.37741	0.46295	0.47069	0.24368	0.39461	0.029903	0.38773	-0.39875	0.48158	0.62738	0.31573
0.56635	-0.21809	0.12594	-0.5188	0.51925	-0.011883	0.1857	0.4438	-0.053346	0.93323	0.54287	-0.43266	0.54484	-0.34383	0.014547	0.17947	-0.043719	0.054569	-0.13048	0.7722	0.21957	-0.0046831	0.40332	0.17981	-0.12272	-0.092033	0.54432	0.60147	-0.27895	0.47663	0.59607	-0.028161	0.56624	0.3236	0.1572	0.37696	0.39177	-0.2129	0.034066	-0.12005	0.55953	0.50448	0.27301	-0.17027	-0.21508	0.33983	0.30931	-0.11165	-0.17974	-0.026517	0.55054	0.29569	0.39558	0.40546	0.20072	0.39567	-0.32246	0.25434	0.50969	0.33178	0.40468	0.43683	-0.1621	0.60958	0.01764	-0.32527	0.028603	0.46811	-0.23194	0.16798	-0.15989	0.49942	0.18084	-0.40543	0.011015	-0.26361	0.11959	-0.30103	-0.34466	0.37045	0.50655	0.36137	0.094193	-0.10392	-0.26749	0.1888	-0.38729	-0.18948	0.14037	-0.11329	-0.13488	0.26806	0.3587	0.27411	0.094051	0.032536	0.041834	0.36612	0.22744	0.27914	0.067869	0.26711	0.24473	0.80663	-0.42663	0.19619	0.60178	0.6243	0.0368	-0.19163	0.045689	0.20071	0.38409	0.24512	0.41236	0.52371	0.37189	0.38467	0.053522	0.076779	0.11045	0.5736	-0.32161	0.40698	0.24892	0.22173	-0.048133	0.011326	-0.19102	-0.20484
0.37708	0.050333	0.18004	-0.52649	0.27919	0.063886	0.19258	0.75473	-0.14397	0.54287	0.96181	-0.20376	0.31322	-0.30882	-0.024179	0.27605	-0.11077	0.02512	0.18191	0.48355	0.49406	-0.35037	0.20116	0.47651	0.075491	0.071702	0.11008	0.3119	-0.24732	0.30468	0.2784	-0.061717	0.10316	0.32709	-0.1047	0.24237	0.24555	-0.1381	0.24227	-0.22326	0.13173	0.12862	0.23203	0.1909	-0.24417	-0.014233	0.31837	0.24255	-0.47486	0.16611	0.45716	0.092361	0.016609	0.20912	-0.046056	0.23433	-0.32868	-0.10007	0.15885	0.089273	0.37163	0.31309	0.14327	0.1083	0.17448	-0.31576	-0.37834	0.15906	-0.061161	0.10303	0.1447	0.087082	0.029814	-0.40745	0.11407	-0.24959	0.044689	-0.20704	-0.10504	0.21518	0.31651	0.20743	-0.0539	-0.19709	-0.3533	0.19944	-0.16483	0.13871	-0.06904	-0.13428	0.25186	0.013115	0.058454	0.10241	0.45785	-0.024935	0.039315	0.32141	0.11238	0.29584	0.018028	0.15536	0.16664	0.51901	-0.49634	0.11708	0.17141	0.40782	0.12638	-0.26175	0.1491	0.10555	-0.14057	-0.050813	0.17231	0.0751	0.20746	-1.5712e-05	0.1115	-0.23242	0.1884	0.24796	-0.1498	0.20814	-0.19189	-0.058883	-0.15781	-0.084368	-0.24372	-0.29466
-0.37322	0.2068	-0.10023	0.53612	0.043382	0.070813	-0.12656	-0.26105	0.34576	-0.43266	-0.20376	0.9928	-0.56163	0.60968	-0.023103	-0.10065	-0.017721	-0.32966	0.26379	-0.33121	0.10719	0.050793	-0.14537	0.08399	0.38761	-0.3314	-0.44462	-0.14089	0.89804	0.10096	-0.31549	-0.10333	-0.20038	0.017739	0.19678	-0.11214	-0.15588	0.32943	0.23415	0.23695	-0.072365	-0.27153	0.0028153	0.36794	-0.047272	-0.21752	0.00050088	0.40794	0.22792	-0.14528	-0.23253	-0.061853	0.12155	-0.1145	0.0024276	-0.18383	0.65223	0.083277	-0.10455	-0.22882	-0.20793	-0.22167	0.072837	-0.18922	0.15708	0.58949	0.43122	-0.22051	0.5686	0.063248	0.20469	-0.22956	-0.16635	0.58102	0.33373	0.18402	-0.11774	0.54456	0.9241	-0.11716	-0.051276	-0.12046	0.076018	0.19683	0.74903	0.0083191	0.5386	0.2379	0.040372	0.39863	0.23103	-0.16828	-0.20431	-0.13332	0.10157	0.34799	0.24434	-0.060919	-0.043594	0.0085939	0.11122	-0.11061	-0.016031	-0.29446	0.57061	0.34968	-0.26689	-0.29186	-0.038729	0.73184	0.24165	-0.096409	-0.080125	-0.00034886	-0.093378	-0.29172	-0.090931	-0.10393	0.095853	0.071791	-0.011647	-0.23668	0.13642	0.067871	-0.16298	-0.069394	-0.1806	0.032222	0.43655	-0.20347
0.44693	-0.15238	0.3269	-0.29771	0.18677	0.039813	0.30059	0.48687	-0.059678	0.54484	0.31322	-0.56163	0.89803	-0.3555	0.066603	0.12122	0.24682	0.24044	-0.25721	0.48106	0.059881	0.24856	0.29335	0.15584	-0.30469	0.16927	0.70244	0.18567	-0.37085	0.16104	0.46236	0.26022	0.23309	0.24932	0.085412	0.24749	0.25083	-0.021765	-0.15885	0.075185	0.28488	0.33853	0.22035	-0.34705	-0.21348	0.23066	-0.022021	-0.25201	-0.18439	0.001844	0.30106	0.25155	0.28043	0.29019	0.086249	0.19223	-0.32453	0.045993	0.2705	0.21752	0.22597	0.50105	-0.28678	0.21994	0.057136	-0.31694	-0.12055	0.35264	-0.2133	0.031815	-0.28419	0.27784	0.3985	-0.35117	0.040323	0.051578	0.14178	-0.013743	-0.46812	0.29474	0.22912	0.16256	0.35048	-0.16151	-0.30806	0.023003	-0.30441	-0.2711	0.091216	-0.30193	-0.24968	0.19334	0.15832	0.12221	-0.033655	0.06823	-0.075433	0.18148	0.26248	0.14214	0.15361	0.13452	0.18674	0.46209	-0.21187	0.010613	0.3228	0.35697	0.13943	-0.37598	-0.12134	0.037376	0.23964	0.17228	0.23228	0.39763	0.095593	0.088878	0.06859	0.29121	-0.0069555	0.36277	-0.14257	0.13961	0.18292	0.14382	-0.1426	-0.13268	-0.084194	0.054023
0.16165	0.66934	0.37133	0.60841	0.32238	0.51093	0.32028	-0.17064	0.72724	-0.34383	-0.30882	0.60968	-0.3555	0.94253	0.53523	0.0027164	0.53313	0.063228	0.37	-0.18635	0.17554	0.45739	0.20322	0.23434	0.60209	-0.43368	0.069188	0.1448	0.46412	0.36191	-0.0019494	-0.24249	0.063685	0.28286	0.42085	0.27609	0.29328	0.72663	0.46582	0.62845	-0.0061901	0.19615	0.38972	0.53537	0.14897	0.28147	0.017089	0.54435	0.11362	-0.48069	0.0069888	0.37524	0.34992	0.24347	0.47802	0.2665	0.75403	0.30919	0.14807	-0.041614	0.080905	-0.21241	0.014016	-0.26801	0.64442	0.74757	0.30161	0.097759	0.77317	0.49685	0.27607	0.1817	0.11997	0.61064	0.43803	0.55642	0.46853	0.49353	0.69464	0.28509	0.20053	0.31147	0.15601	0.48173	0.38447	0.40495	0.69371	0.60704	0.3929	0.33427	0.24196	0.099236	-0.36607	0.36231	0.14874	0.45239	0.56844	0.28064	0.20121	0.36142	0.46793	0.24993	0.41802	-0.078847	0.51763	0.34045	0.11009	-0.47159	0.28297	0.36276	0.53609	0.41282	-0.081136	0.41295	-0.0031666	0.20159	0.20093	0.23724	0.34333	0.41656	0.46318	0.2424	0.21862	0.35075	0.016678	0.40795	-0.27024	0.39755	0.72849	0.16269
0.41136	0.67831	0.68224	0.10636	0.23414	0.68841	0.61282	0.048836	0.65888	0.014547	-0.024179	-0.023103	0.066603	0.53523	0.76958	0.35083	0.60048	0.43253	0.10893	0.092134	0.066272	0.44624	0.16226	0.12436	0.34968	-0.2696	0.38477	0.16182	-0.082744	0.26934	0.3776	-0.23339	0.022262	0.14466	0.29377	0.23092	0.27637	0.60733	0.38975	0.42441	0.021983	0.25265	0.27258	0.35446	0.21789	0.26041	-0.13768	0.29965	-0.1739	-0.45251	0.077819	0.25067	0.1916	0.17525	0.50963	0.27319	0.36743	0.28871	0.1646	0.17352	0.077236	0.0052681	0.13192	-0.13255	0.77445	0.26897	-0.087251	0.39922	0.29869	0.2934	0.22558	0.1829	0.25374	0.10109	0.22761	0.43403	0.63147	0.10225	0.034961	0.21664	0.16513	0.26971	0.049454	0.31619	-0.16457	0.28323	0.43204	0.44485	0.25157	0.063666	0.095712	0.17202	-0.30384	0.37503	0.033803	0.30496	0.29365	0.22607	0.45407	0.26814	0.24066	0.19956	0.33305	0.10621	-0.01064	-0.012324	0.23013	-0.26014	0.456	-0.10494	0.32874	0.35889	-0.05616	0.24179	0.0021277	0.35214	0.17757	0.16312	0.19425	0.32682	0.43257	0.4192	0.29645	0.21139	0.03694	0.29048	-0.28142	0.43366	0.3791	0.28813
0.10032	0.33738	0.4861	-0.047342	0.13375	0.41612	0.29618	0.091427	0.24916	0.17947	0.27605	-0.10065	0.12122	0.0027164	0.35083	0.92315	0.26229	0.27269	-0.046583	0.34249	-0.082214	0.10421	-0.054971	-0.13891	0.016143	-0.33281	0.19634	0.1698	-0.16943	0.060779	0.19909	-0.20947	-0.0017459	-0.15392	0.17642	-0.10658	-0.069727	0.21453	0.19518	0.14671	0.085893	0.09812	-0.083729	0.14036	-0.080887	0.0044083	-0.10459	0.070166	0.019657	-0.15557	0.087342	-0.035627	0.036655	-0.067707	0.39271	-0.034504	0.010787	0.15807	0.41168	0.20676	-0.11059	0.52496	0.44542	0.17532	0.31965	-0.014273	-0.041594	0.22466	0.10631	-0.14699	0.31113	0.040256	0.50671	-0.12942	0.024499	0.15493	0.10713	0.13056	-0.2214	-0.071979	-0.06443	-0.066186	0.096037	0.19424	-0.17286	-0.028894	0.34127	0.15069	0.025607	-0.020076	0.0040109	-0.0077964	-0.048686	-0.029827	-0.13408	0.24942	0.012167	-0.088206	0.23101	-0.08721	0.037178	-0.085604	-0.098738	0.16301	-0.074865	-0.1494	0.083699	0.12689	0.40004	-0.11299	-0.090177	-0.035799	0.03364	-0.0080722	-0.045244	0.15555	-0.014278	0.083657	-0.25505	0.19825	-0.026585	0.053608	0.39095	0.15088	-0.050312	0.01144	-0.24288	0.22886	-0.024374	0.077921
0.44161	0.58168	0.62701	0.27315	0.25908	0.55646	0.51891	0.12283	0.48454	-0.043719	-0.11077	-0.017721	0.24682	0.53313	0.60048	0.26229	0.75273	0.33488	0.23294	0.19191	0.1704	0.48149	0.20792	0.28469	0.37682	-0.2942	0.49843	0.285	-0.071455	0.31036	0.32734	-0.087707	0.034045	0.22959	0.34318	0.29236	0.26685	0.5624	0.30206	0.53985	-0.065364	0.30423	0.31102	0.32274	0.11119	0.2999	-0.038752	0.34898	-0.11114	-0.55965	0.05031	0.34282	0.41991	0.22529	0.48323	0.24028	0.30675	0.21224	0.20935	0.23731	0.037195	0.23272	-0.050247	-0.24799	0.54453	0.40461	-0.053401	0.37105	0.40664	0.25317	0.22462	0.18932	0.45074	0.16029	0.33078	0.53128	0.45733	0.31784	0.085637	0.26194	0.19658	0.25199	0.28813	0.28614	-0.066206	0.328	0.41277	0.51547	0.30759	0.061277	0.19998	0.1258	-0.44024	0.33669	0.15986	0.35345	0.37945	0.23997	0.52426	0.29189	0.44955	0.18704	0.34337	0.063089	0.1789	0.096086	0.15351	-0.37082	0.47057	-0.12693	0.35441	0.32533	-0.068304	0.30453	-0.015199	0.33306	0.15794	0.13471	0.046192	0.51734	0.45853	0.31383	0.22644	0.26082	0.022172	0.32762	-0.25402	0.28624	0.51064	0.33886
0.26913	0.33041	0.44119	0.12513	-0.047981	0.32708	0.41158	0.091862	0.24817	0.054569	0.02512	-0.32966	0.24044	0.063228	0.43253	0.27269	0.33488	0.85853	-0.31969	0.26581	-0.22033	0.1635	-0.033829	-0.21281	0.09427	0.16509	0.17691	0.09302	-0.24022	-0.043523	0.045472	-0.20542	-0.098931	-0.046169	0.14499	-0.070405	0.14574	0.26041	-0.090771	0.37815	-0.20979	0.083887	0.073926	0.024625	0.27705	0.12181	-0.43744	-0.076436	-0.27623	-0.34054	-0.010057	0.18171	0.16824	-0.015969	0.32637	0.11965	0.050951	-0.068257	0.084576	0.2905	-0.070246	0.31382	0.21289	-0.13983	0.44611	0.028959	-0.18358	0.053364	-0.056344	0.080875	-0.017995	0.051695	0.44818	0.12708	-0.1723	0.4073	0.42714	0.031369	-0.30054	0.097524	-0.072424	0.069169	-0.048817	-0.068311	-0.16848	0.023364	0.20191	0.089667	-0.010566	-0.33622	-0.20133	-0.22095	-0.22395	0.16124	-0.18615	-0.025768	0.083153	-0.025649	0.29345	0.023019	0.13652	-0.088191	0.15376	0.042148	0.076694	-0.19031	0.050678	0.00067448	0.23558	-0.25845	-0.050171	0.1357	-0.19203	0.069329	-0.29277	0.19638	-0.15515	-0.027347	-0.2003	0.32298	0.20623	0.19281	0.51751	0.020859	-0.19435	0.1331	-0.025722	0.10679	0.13751	0.46169
0.11848	0.35557	0.1033	-0.021879	0.32638	0.18837	0.078687	0.16011	0.059611	-0.13048	0.18191	0.26379	-0.25721	0.37	0.10893	-0.046583	0.23294	-0.31969	0.9613	0.018882	0.76841	0.023877	0.31147	0.74698	0.46996	-0.38106	-0.032097	0.059366	0.0088073	0.40506	-0.0614	-0.27385	0.13417	0.43749	-0.08977	0.44706	0.17934	0.22152	0.73098	-0.0076038	0.033837	0.085393	0.3182	0.67309	-0.031857	0.02142	0.70439	0.75083	-0.13633	-0.34775	0.070644	0.15139	0.034232	0.31004	0.089452	0.11985	0.015222	0.23052	0.019712	-0.30589	0.18922	-0.25152	0.063543	-0.13424	0.11281	0.34794	-0.14649	-0.034289	0.47492	0.1705	0.55484	0.056468	-0.15909	-0.10766	0.57354	-0.035101	-0.052178	0.15239	0.38281	0.20662	0.3935	0.27041	0.22532	0.34143	-0.11881	0.51375	0.23098	0.71232	0.30291	0.47972	0.81191	0.26024	-0.24255	0.15629	0.81424	0.26554	0.41829	0.46773	0.25214	0.44393	0.34991	0.34182	0.17706	0.01355	-0.04954	0.46681	0.027203	-0.39043	0.19462	0.052148	0.55168	0.23634	-0.094858	0.14692	0.3434	-0.061581	0.51716	0.13929	0.11972	-0.13072	0.40354	0.10822	-0.16931	0.31225	0.13481	0.08352	0.023725	0.19827	0.2277	-0.14455
0.49135	-0.10453	0.24851	-0.21532	0.49358	0.064158	0.26367	0.41986	0.02799	0.7722	0.48355	-0.33121	0.48106	-0.18635	0.092134	0.34249	0.19191	0.26581	0.018882	0.95614	0.28199	0.19179	0.29602	0.22986	-0.06372	-0.15337	0.51341	0.61874	-0.24172	0.50052	0.50781	-0.21175	0.47862	0.22913	0.3639	0.25273	0.19053	0.055918	0.12789	0.090087	0.37883	0.4054	0.15606	-0.027803	-0.2801	0.20154	0.31283	0.023283	-0.041701	-0.27588	0.33224	0.20543	0.59885	0.28481	0.35901	0.19418	-0.22317	0.39151	0.66586	0.49494	0.17634	0.66029	-0.11497	0.43359	0.080859	0.025041	0.0808	0.44798	-0.098567	-0.035251	0.037705	0.33904	0.43381	-0.20063	0.12589	-0.040939	-0.031511	-0.061943	-0.26916	0.22157	0.51014	0.19306	0.22927	0.10573	-0.11893	0.17176	-0.12702	0.068662	0.2356	0.027782	0.086756	0.2147	0.10841	0.098922	0.2115	0.25887	0.10294	0.27381	0.34621	0.16674	0.21397	0.16224	0.080963	0.60479	-0.11485	0.26716	0.4026	0.45959	0.071702	-0.16702	0.081013	0.068798	0.25049	0.18695	0.37153	0.37341	0.31155	0.3053	-0.28122	0.36239	0.075754	0.49771	-0.047089	0.39324	0.22095	0.12996	-0.12702	0.1443	-0.035514	-0.016777
0.32441	0.25294	0.14719	-0.27492	0.58656	0.17496	0.25918	0.5167	0.10228	0.21957	0.49406	0.10719	0.059881	0.17554	0.066272	-0.082214	0.1704	-0.22033	0.76841	0.28199	0.96426	0.056586	0.62701	0.9396	0.45523	-0.23991	0.20943	0.21902	-0.014282	0.63873	0.16712	-0.19498	0.35743	0.77038	0.053657	0.69774	0.46503	0.2157	0.74872	0.06717	0.23889	0.35064	0.62197	0.66451	-0.3524	0.23249	0.77166	0.73653	-0.15828	-0.1483	0.39973	0.41665	0.20765	0.62788	0.090182	0.36774	-0.1072	0.36638	0.25421	-0.13558	0.53442	-0.16361	0.072987	0.020931	0.16064	0.26421	-0.07909	0.16495	0.43646	0.3094	0.53591	0.32086	-0.10986	-0.1519	0.73264	0.033747	0.040489	0.15749	0.2518	0.52927	0.64914	0.51934	0.40585	0.37329	-0.051941	0.68606	0.048918	0.60745	0.52303	0.46191	0.70387	0.44724	-0.042489	0.32187	0.90974	0.38376	0.55222	0.76342	0.29891	0.71839	0.51682	0.58511	0.42669	0.3967	-0.10067	0.75513	0.2901	-0.13941	0.22359	0.038692	0.64056	0.38389	-0.018127	0.37976	0.60702	0.19186	0.69918	0.28412	0.21083	-0.10735	0.4558	0.41916	-0.1746	0.57175	0.24399	0.26659	-0.205	0.13253	0.22633	-0.32462
0.14558	0.27123	0.38523	0.27679	0.31172	0.30283	0.29089	-0.11292	0.55404	-0.0046831	-0.35037	0.050793	0.24856	0.45739	0.44624	0.10421	0.48149	0.1635	0.023877	0.19179	0.056586	0.71718	0.25333	0.095377	0.052432	-0.37213	0.49153	-0.013654	0.044108	0.28439	0.30287	-0.26717	0.18945	0.14118	0.43294	0.18324	0.085052	0.61246	0.26798	0.49112	0.21238	0.27242	0.17135	0.10849	-0.16271	0.20612	0.021935	0.15391	0.28255	-0.46504	-0.11679	0.19886	0.41616	0.22019	0.37487	0.075934	0.37035	0.51698	0.33567	0.16279	-0.046424	0.11374	-0.11796	0.096631	0.4567	0.43875	0.33068	0.42928	0.34382	0.069703	0.11861	0.22524	0.33987	0.27502	0.37784	0.39123	0.26924	0.37078	0.075337	0.14203	0.21307	0.10179	0.47092	0.53789	0.14936	0.16596	0.34657	0.23077	0.43657	0.25839	0.031173	0.35689	-0.165	0.15278	-0.011047	0.53094	0.23111	0.17033	0.31401	0.1268	0.37686	0.19463	0.13632	0.050153	0.33333	0.21731	0.18596	-0.25254	0.13586	0.053409	0.276	0.11136	0.1841	0.33619	0.28589	0.32956	0.2334	0.19875	0.041577	0.50614	0.1057	0.33665	0.19992	0.28128	0.38684	0.28523	-0.36932	0.2721	0.473	0.32444
0.50603	0.17307	0.17281	-0.21965	0.76126	0.15939	0.28418	0.47051	0.26802	0.40332	0.20116	-0.14537	0.29335	0.20322	0.16226	-0.054971	0.20792	-0.033829	0.31147	0.29602	0.62701	0.25333	0.93639	0.60416	0.3775	-0.27376	0.57328	0.35619	-0.099524	0.61636	0.25934	-0.098944	0.74581	0.89042	0.15903	0.83278	0.82153	0.20155	0.52796	0.31308	0.39371	0.82562	0.86157	0.3932	-0.24126	0.76081	0.59764	0.40399	0.033265	-0.12776	0.64559	0.80846	0.3142	0.93565	0.29917	0.77194	-0.068604	0.55582	0.50785	-0.046696	0.72523	-0.035854	-0.044363	0.16324	0.25012	0.17899	0.048169	0.34438	0.4281	0.64861	0.26358	0.80767	0.12584	-0.070221	0.6692	0.17186	0.40791	0.15736	0.0079575	0.83764	0.64258	0.83651	0.60958	0.59423	-0.066079	0.82291	-0.076276	0.32226	0.82805	0.44116	0.15187	0.75399	0.047467	0.78224	0.45692	0.37511	0.72169	0.90687	0.23706	0.87054	0.71565	0.89715	0.78481	0.72491	-0.015042	0.70067	0.73962	-0.06115	0.14928	0.010627	0.72446	0.74478	0.065774	0.8525	0.76526	0.74099	0.82534	0.56443	0.4291	0.13404	0.56883	0.72458	-0.19234	0.75924	0.53495	0.74689	-0.21461	0.089784	0.46123	-0.22549
0.43788	0.2833	0.2157	-0.25925	0.58558	0.19804	0.31005	0.5759	0.11284	0.17981	0.47651	0.08399	0.15584	0.23434	0.12436	-0.13891	0.28469	-0.21281	0.74698	0.22986	0.9396	0.095377	0.60416	0.99226	0.51355	-0.16813	0.30523	0.25884	-0.039638	0.65217	0.27821	-0.036587	0.32478	0.76804	0.023951	0.7481	0.49839	0.25198	0.7208	0.15766	0.1943	0.38895	0.64295	0.66492	-0.34717	0.28557	0.6791	0.76407	-0.22662	-0.13907	0.44449	0.44343	0.24528	0.61732	0.080665	0.42539	-0.086706	0.31191	0.1955	-0.13163	0.56345	-0.14519	-0.0056703	-0.069265	0.19175	0.24917	-0.13188	0.25993	0.46594	0.37553	0.51	0.33091	-0.099939	-0.14058	0.73052	0.065845	0.11668	0.15936	0.28612	0.54531	0.6687	0.54492	0.38193	0.31813	-0.086818	0.69967	0.043367	0.64329	0.49223	0.40781	0.71832	0.43834	-0.10812	0.38531	0.90373	0.38629	0.57235	0.75498	0.36773	0.73761	0.53623	0.58328	0.48706	0.38718	-0.099381	0.68041	0.29288	-0.14938	0.30997	-0.049982	0.68723	0.44175	-0.032093	0.39003	0.52283	0.23105	0.6654	0.28743	0.28	-0.032126	0.5464	0.44369	-0.22162	0.5617	0.21576	0.3048	-0.25277	0.11941	0.27299	-0.33001
0.36579	0.52941	0.24959	0.081494	0.54821	0.34313	0.35249	0.10491	0.49963	-0.12272	0.075491	0.38761	-0.30469	0.60209	0.34968	0.016143	0.37682	0.09427	0.46996	-0.06372	0.45523	0.052432	0.3775	0.51355	0.93551	-0.28519	0.063867	0.39586	0.31357	0.60501	0.13768	0.062796	0.25838	0.49852	0.093176	0.60519	0.56764	0.34649	0.64319	0.53995	0.057521	0.44199	0.60162	0.8497	0.02227	0.53383	0.15189	0.75786	-0.14188	-0.10919	0.52874	0.58124	0.19069	0.4533	0.38593	0.58431	0.3562	0.26681	0.20342	-0.095128	0.53651	-0.17967	0.10687	-0.14715	0.43346	0.45933	0.10642	0.18162	0.62093	0.65403	0.4997	0.41976	0.063824	0.31716	0.47188	0.37971	0.54291	0.23404	0.55881	0.54805	0.51556	0.64046	-0.014229	0.32196	0.23715	0.77229	0.36182	0.79098	0.50462	0.4454	0.55959	0.18622	-0.13461	0.5836	0.51382	0.26822	0.84826	0.57421	0.37532	0.65653	0.55743	0.48101	0.63539	0.21265	0.21285	0.56267	0.31963	-0.18885	0.52047	0.19733	0.73532	0.73519	-0.14339	0.5469	0.030016	0.3739	0.47009	0.51472	0.29846	0.12359	0.74984	0.43226	0.037558	0.59825	-0.028549	0.59077	-0.15367	0.33303	0.43999	-0.18177
-0.0041397	-0.37787	-0.18996	-0.21409	-0.47728	-0.29164	-0.15717	0.11744	-0.4964	-0.092033	0.071702	-0.3314	0.16927	-0.43368	-0.2696	-0.33281	-0.2942	0.16509	-0.38106	-0.15337	-0.23991	-0.37213	-0.27376	-0.16813	-0.28519	0.96366	-0.17286	-0.28061	-0.208	-0.42912	-0.027401	0.5017	-0.33732	-0.22122	-0.44539	-0.20516	-0.18404	-0.30421	-0.45595	-0.28726	-0.33068	-0.31933	-0.23318	-0.3518	0.17603	-0.27581	-0.38922	-0.37197	-0.39596	0.27492	-0.1384	-0.27828	-0.31205	-0.27134	-0.5342	-0.19792	-0.44202	-0.40418	-0.49755	-0.020154	-0.14387	-0.16868	0.022169	-0.15073	-0.31587	-0.45112	-0.34613	-0.15495	-0.48175	-0.25154	-0.24108	-0.31234	-0.31514	-0.26682	-0.3679	-0.2809	-0.20327	-0.35489	-0.33706	-0.20449	-0.22226	-0.2499	-0.25163	-0.43769	-0.21932	-0.33431	-0.33691	-0.38353	-0.43519	-0.38014	-0.24155	-0.18937	0.051574	-0.20404	-0.20317	-0.40419	-0.42838	-0.28436	-0.2747	-0.23015	-0.43168	-0.24877	-0.18916	-0.20891	-0.26524	-0.37575	-0.24856	0.17884	-0.0086765	-0.28322	-0.39231	-0.23561	-0.059515	-0.34642	-0.27803	-0.25782	-0.35663	-0.34784	-0.13042	-0.25593	-0.19751	-0.26796	0.0017224	-0.46125	-0.090236	-0.27225	0.39758	-0.39195	-0.3241	-0.17188
0.66628	0.10975	0.46905	-0.22895	0.54713	0.27356	0.44482	0.37068	0.26126	0.54432	0.11008	-0.44462	0.70244	0.069188	0.38477	0.19634	0.49843	0.17691	-0.032097	0.51341	0.20943	0.49153	0.57328	0.30523	0.063867	-0.17286	0.90902	0.44103	-0.33687	0.47167	0.68505	0.11595	0.53031	0.43778	0.24905	0.55736	0.49537	0.25611	0.21459	0.33995	0.40254	0.70681	0.46544	0.0098774	-0.1896	0.59146	0.1737	0.076231	-0.073014	-0.24007	0.45346	0.51253	0.49782	0.56261	0.38594	0.4975	-0.11722	0.43991	0.50849	0.29728	0.38891	0.37882	-0.2132	0.26237	0.27986	-0.01954	0.0037933	0.67669	0.11699	0.31015	0.042846	0.61156	0.42252	-0.22862	0.33829	0.17302	0.3892	0.050064	-0.30564	0.50418	0.49373	0.48274	0.49192	0.29929	-0.26867	0.40078	-0.08714	0.10869	0.49075	0.080705	-0.055923	0.54818	0.032778	0.51007	0.07965	0.36616	0.31321	0.47179	0.46585	0.43582	0.4476	0.47894	0.45894	0.61336	-0.14397	0.21093	0.62053	0.13797	0.31478	-0.30571	0.3062	0.42236	0.29993	0.54199	0.44526	0.72583	0.47358	0.43762	0.1927	0.44609	0.34795	0.66092	-0.12134	0.4893	0.4827	0.51133	-0.28	0.14218	0.26057	0.031478
0.63521	0.11355	0.20627	-0.13471	0.57405	0.16848	0.25244	0.26063	0.18743	0.60147	0.3119	-0.14089	0.18567	0.1448	0.16182	0.1698	0.285	0.09302	0.059366	0.61874	0.21902	-0.013654	0.35619	0.25884	0.39586	-0.28061	0.44103	0.88122	-0.092767	0.58249	0.55239	-0.012446	0.46389	0.35076	0.39575	0.45848	0.52376	0.022033	0.12641	0.21849	0.30612	0.58934	0.41079	0.15425	-0.12153	0.52646	0.18094	0.18429	-0.11289	-0.19619	0.57922	0.50775	0.57379	0.40138	0.50544	0.55354	-0.0054064	0.24242	0.52054	0.51292	0.41713	0.40558	-0.21717	0.27811	0.1747	0.15337	0.09068	0.42517	0.13556	0.4291	-0.033526	0.54757	0.30061	-0.053406	0.044288	0.096341	0.31673	-0.12462	-0.015729	0.45703	0.51393	0.52302	-0.013397	0.017891	-0.0522	0.43252	-0.051392	0.28794	0.2579	-0.011795	0.080114	0.11881	0.047594	0.50815	0.17828	0.071238	0.40838	0.42833	0.31981	0.42308	0.31763	0.30211	0.47874	0.63613	-0.14165	0.2688	0.55415	0.28016	0.22712	-0.11642	0.31492	0.4965	0.15527	0.41241	0.12521	0.57312	0.34212	0.4768	0.026493	0.2769	0.52487	0.5377	-0.23113	0.50112	0.0086021	0.44238	-0.12664	0.20279	0.18895	-0.12274
-0.33184	0.025909	-0.14919	0.46746	0.036008	-0.018487	-0.11061	-0.25885	0.33916	-0.27895	-0.24732	0.89804	-0.37085	0.46412	-0.082744	-0.16943	-0.071455	-0.24022	0.0088073	-0.24172	-0.014282	0.044108	-0.099524	-0.039638	0.31357	-0.208	-0.33687	-0.092767	0.95857	0.082097	-0.23773	0.066343	-0.14583	0.029521	0.23998	-0.11447	-0.10569	0.22033	0.044436	0.23753	-0.031822	-0.20081	0.026775	0.18888	-0.001465	-0.13271	-0.12071	0.19608	0.22994	-0.084909	-0.18108	0.0078226	0.16363	-0.068099	-0.02834	-0.13654	0.59899	0.087118	-0.10329	-0.14413	-0.17731	-0.1356	-0.080769	-0.11846	0.083523	0.50025	0.49861	-0.13955	0.37537	0.038835	0.0061991	-0.1581	-0.12577	0.57035	0.27484	0.17781	-0.064107	0.48232	0.79201	-0.049316	-0.030397	-0.09196	0.11983	0.085456	0.85522	-0.0288	0.36154	0.021368	0.070882	0.34176	0.014963	-0.15385	-0.12564	-0.096554	-0.043751	0.30648	0.21654	-0.057614	-0.029536	0.0050285	0.098287	-0.09446	0.047318	-0.18665	0.54183	0.38724	-0.18323	-0.17068	-0.075259	0.76563	0.15063	-0.091039	-0.019133	0.068333	-0.088334	-0.18166	-0.13322	-0.087877	0.044964	0.10486	-0.067339	-0.15906	0.086446	0.046907	-0.12144	-0.0055519	-0.10891	-0.074895	0.3821	-0.19583
0.57356	0.25875	0.28874	-0.17112	0.87738	0.25451	0.36501	0.32005	0.42749	0.47663	0.30468	0.10096	0.16104	0.36191	0.26934	0.060779	0.31036	-0.043523	0.40506	0.50052	0.63873	0.28439	0.61636	0.65217	0.60501	-0.42912	0.47167	0.58249	0.082097	0.89422	0.51478	-0.12889	0.61783	0.65571	0.32528	0.75624	0.61646	0.3196	0.64978	0.43033	0.5805	0.64311	0.6355	0.58074	-0.3303	0.53191	0.481	0.62801	-0.039839	-0.21677	0.62539	0.6127	0.55059	0.6504	0.5074	0.61287	0.16071	0.58114	0.59465	0.10737	0.6263	0.10268	-0.058956	0.39091	0.35077	0.35244	0.34385	0.49654	0.48557	0.50352	0.35935	0.65721	0.16199	0.10319	0.57123	0.14766	0.3566	0.15876	0.27969	0.60833	0.79485	0.68282	0.29296	0.36915	0.12614	0.68901	0.095719	0.54259	0.57561	0.37323	0.45832	0.38891	0.16419	0.56793	0.569	0.52025	0.68715	0.73545	0.47728	0.69617	0.58657	0.52511	0.56997	0.65191	0.052997	0.71025	0.63479	0.16923	0.36101	0.091185	0.69127	0.56657	0.30093	0.58951	0.48348	0.60496	0.71139	0.66355	0.1783	0.22502	0.63033	0.72618	-0.16669	0.81956	0.29468	0.51577	-0.27017	0.31598	0.38936	-0.19842
0.6518	0.016249	0.37328	-0.4684	0.47114	0.22852	0.41598	0.24606	0.18735	0.59607	0.2784	-0.31549	0.46236	-0.0019494	0.3776	0.19909	0.32734	0.045472	-0.0614	0.50781	0.16712	0.30287	0.25934	0.27821	0.13768	-0.027401	0.68505	0.55239	-0.23773	0.51478	0.93911	0.20618	0.3787	0.16008	0.17204	0.44142	0.26721	0.12146	0.22828	0.11177	0.4456	0.48734	0.18448	0.085273	-0.30758	0.33984	0.042813	0.12387	-0.137	-0.072695	0.46177	0.18235	0.40695	0.26288	0.26781	0.34929	-0.13823	0.41259	0.39532	0.39365	0.31117	0.24024	-0.15441	0.39697	0.17306	-0.16381	0.017978	0.84494	-0.086892	0.13793	0.12213	0.40443	0.10247	-0.32876	0.13875	-0.11067	0.25059	-0.26325	-0.17362	0.22625	0.55119	0.31417	0.024603	0.076528	-0.25143	0.23388	-0.15989	0.12513	0.1902	0.10071	0.12642	0.39807	0.17407	0.31682	0.10468	0.25982	0.1156	0.273	0.53241	0.23885	0.059424	0.24377	0.21135	0.54828	-0.33685	0.063398	0.51584	0.39059	0.37895	-0.29696	0.19838	0.27417	0.42275	0.2115	0.26566	0.53475	0.37905	0.43596	0.077429	0.26261	0.28365	0.58768	-0.23619	0.33901	0.36964	0.24166	-0.28788	0.28438	-0.021366	-0.27855
0.13344	-0.36267	-0.12594	-0.2274	-0.12417	-0.24309	-0.11535	0.027448	-0.29372	-0.028161	-0.061717	-0.10333	0.26022	-0.24249	-0.23339	-0.20947	-0.087707	-0.20542	-0.27385	-0.21175	-0.19498	-0.26717	-0.098944	-0.036587	0.062796	0.5017	0.11595	-0.012446	0.066343	-0.12889	0.20618	0.87864	-0.092468	-0.081475	-0.39464	0.075899	0.0066445	-0.3077	-0.27118	-0.043659	-0.019571	0.01072	-0.039986	-0.15266	0.10952	0.075818	-0.29234	-0.14979	-0.30513	0.41705	0.18826	-0.0068555	-0.1406	-0.076618	-0.32687	0.038509	-0.24846	-0.26261	-0.31335	-0.13573	0.10517	-0.018539	-0.18173	0.021652	-0.36074	-0.3396	-0.023383	0.10746	-0.20345	-0.050892	-0.12967	0.00083926	-0.15153	-0.18959	-0.11317	-0.22397	-0.048085	-0.12735	-0.080783	-0.010633	-0.037945	0.00019537	-0.050528	-0.35953	0.03224	-0.096485	-0.33978	-0.25768	-0.20894	-0.12481	-0.12917	-0.052426	0.18538	0.056851	-0.17967	-0.12465	-0.090738	-0.11849	-0.0080586	-0.030882	-0.16461	-0.10385	0.046836	-0.0095973	-0.1921	-0.14477	0.0019556	0.23422	0.24276	-0.042201	-0.14247	0.004186	0.17439	-0.044412	-0.25741	0.050342	-0.14161	-0.016042	0.0048958	-0.15306	0.058119	-0.10645	-0.23156	-0.12335	0.030577	0.0098693	0.23009	-0.38116	-0.13202	-0.29594
0.4966	-0.10128	-0.0023076	-0.24558	0.80753	-0.047203	0.057241	0.20215	0.1767	0.56624	0.10316	-0.20038	0.23309	0.063685	0.022262	-0.0017459	0.034045	-0.098931	0.13417	0.47862	0.35743	0.18945	0.74581	0.32478	0.25838	-0.33732	0.53031	0.46389	-0.14583	0.61783	0.3787	-0.092468	0.89484	0.58778	0.18152	0.71047	0.64563	0.018311	0.35656	0.23886	0.68902	0.79228	0.58461	0.1828	-0.26155	0.69589	0.51856	0.17867	0.21469	-0.088403	0.66236	0.62958	0.32127	0.73758	0.38666	0.67284	-0.13688	0.62454	0.6175	-0.077241	0.64061	0.077673	-0.1396	0.59943	0.055705	0.060738	0.35649	0.39762	0.24256	0.48421	0.10204	0.84394	0.075652	-0.086554	0.34784	-0.11216	0.25175	-0.062203	-0.086641	0.63475	0.70729	0.70452	0.33476	0.41381	-0.020474	0.60522	-0.22116	0.14073	0.60879	0.34873	0.056006	0.61336	0.37723	0.63377	0.22328	0.28151	0.51009	0.68606	0.142	0.60894	0.45891	0.65866	0.54069	0.77545	-0.078612	0.57591	0.81201	0.3517	0.068944	-0.030673	0.48519	0.58799	0.42798	0.72405	0.63977	0.74606	0.76151	0.76733	0.17511	0.12235	0.41231	0.69971	-0.37838	0.752	0.6387	0.63756	-0.17954	0.14413	0.19965	-0.25704
0.51536	0.30205	0.21163	-0.14577	0.72563	0.22673	0.32717	0.60178	0.25591	0.3236	0.32709	0.017739	0.24932	0.28286	0.14466	-0.15392	0.22959	-0.046169	0.43749	0.22913	0.77038	0.14118	0.89042	0.76804	0.49852	-0.22122	0.43778	0.35076	0.029521	0.65571	0.16008	-0.081475	0.58778	0.97731	0.14637	0.84835	0.85295	0.2382	0.55124	0.33933	0.29873	0.69423	0.92738	0.50764	-0.21252	0.65279	0.60375	0.55884	-0.13913	-0.15692	0.62471	0.82795	0.34051	0.91557	0.22594	0.75923	0.024837	0.34311	0.35649	-0.10015	0.74345	-0.10747	0.0058876	0.013344	0.31092	0.25518	0.0036439	0.19025	0.55495	0.709	0.28657	0.68962	0.057884	0.017731	0.71155	0.24687	0.40438	0.26937	0.2034	0.86568	0.62674	0.83459	0.55965	0.41803	0.010573	0.83124	0.020266	0.4146	0.70186	0.31917	0.25455	0.52863	-0.03402	0.74051	0.61661	0.34701	0.75919	0.93084	0.24727	0.94003	0.74523	0.81903	0.8415	0.65979	0.022392	0.75472	0.61401	-0.13439	0.21335	0.076759	0.74904	0.71644	-0.02538	0.76662	0.64094	0.60149	0.74046	0.43694	0.47967	0.083225	0.63283	0.63611	-0.14577	0.75047	0.29748	0.6572	-0.2173	0.04411	0.50276	-0.2437
0.17113	0.31565	0.27551	0.43633	0.3171	0.33388	0.26017	-0.01542	0.56346	0.1572	-0.1047	0.19678	0.085412	0.42085	0.29377	0.17642	0.34318	0.14499	-0.08977	0.3639	0.053657	0.43294	0.15903	0.023951	0.093176	-0.44539	0.24905	0.39575	0.23998	0.32528	0.17204	-0.39464	0.18152	0.14637	0.80839	0.057047	0.16868	0.4342	-0.0086625	0.3903	0.18364	0.19483	0.18108	0.00095537	-0.14953	0.16537	0.050262	-0.011137	0.42168	-0.37051	-0.018935	0.25448	0.52032	0.15491	0.51033	0.15704	0.56205	0.29373	0.42822	0.39105	0.019407	0.21998	-0.23523	0.054447	0.43122	0.58066	0.50462	0.24352	0.28615	0.14016	-0.15005	0.19031	0.31493	0.52051	0.14888	0.46823	0.28341	0.27172	0.1719	0.18258	0.1241	0.12973	0.1745	0.2879	0.40597	0.088793	0.24221	0.16447	0.24928	0.0013251	-0.17257	-0.023715	-0.14663	0.15195	-0.059503	0.2855	0.19943	0.14009	0.091728	0.11136	0.26563	0.065288	0.20883	0.18007	0.36563	0.2399	0.17345	-0.10474	-0.012201	0.2834	0.17683	0.10999	0.060813	0.24845	0.1072	0.24711	0.041966	0.11793	-0.10224	0.45998	0.11425	0.28682	0.10678	0.23573	-0.067159	0.21254	-0.411	0.29587	0.45824	0.36044
0.66311	0.24871	0.24378	-0.31497	0.81949	0.22334	0.34388	0.44413	0.25904	0.37696	0.24237	-0.11214	0.24749	0.27609	0.23092	-0.10658	0.29236	-0.070405	0.44706	0.25273	0.69774	0.18324	0.83278	0.7481	0.60519	-0.20516	0.55736	0.45848	-0.11447	0.75624	0.44142	0.075899	0.71047	0.84835	0.057047	0.95763	0.84054	0.19297	0.63507	0.33978	0.48252	0.78904	0.84047	0.5653	-0.23806	0.73957	0.53865	0.58937	-0.13235	-0.099846	0.75288	0.7823	0.31068	0.86746	0.33581	0.81612	-0.073937	0.49424	0.41628	-0.11118	0.81067	-0.14505	-0.046462	0.2567	0.24994	0.15675	0.075605	0.42961	0.46378	0.69349	0.35531	0.79879	0.001997	-0.12756	0.61896	0.095769	0.44676	0.050651	0.11053	0.81666	0.78875	0.89003	0.38156	0.40243	-0.12621	0.86686	-0.071095	0.508	0.67367	0.38329	0.3886	0.61241	0.16299	0.80501	0.59798	0.34685	0.7584	0.90366	0.40982	0.90255	0.64111	0.79405	0.79033	0.68802	-0.12201	0.67775	0.75099	0.03917	0.38926	-0.089773	0.76544	0.79642	0.23055	0.76166	0.60455	0.73607	0.84616	0.68712	0.40393	0.080693	0.74593	0.74268	-0.29069	0.80136	0.46185	0.70232	-0.20811	0.19704	0.36831	-0.35487
