0.99629	0.37479	0.60537	-0.19978	0.6306	0.5114	0.66673	0.58625	0.32099	0.63258	0.41533	-0.37698	0.51223	0.19865	0.54687	0.15906	0.56192	0.35981	0.16128	0.53522	0.34774	0.27625	0.51961	0.4593	0.31132	0.033767	0.75506	0.73675	-0.3273	0.66239	0.71324	0.18366	0.57228	0.53374	0.2581	0.70211	0.69941	0.26451	0.30669	0.37635	0.3583	0.69487	0.60548	0.2207	0.090794	0.66765	0.20249	0.23012	-0.32605	-0.25389	0.68774	0.59227	0.47195	0.58193	0.44921	0.70027	-0.014594	0.31226	0.47554	0.22072	0.60479	0.18668	-0.096847	0.1792	0.43743	-0.0073836	-0.10851	0.61445	0.15697	0.59499	0.057112	0.61452	0.21431	-0.16691	0.22828	0.18742	0.58975	-0.1526	-0.15037	0.67071	0.68282	0.66074	0.023339	0.06989	-0.32432	0.53755	-0.05579	0.29878	0.35932	-0.086822	0.082512	0.36213	0.046079	0.60282	0.24489	0.18004	0.41424	0.57079	0.46219	0.5909	0.35006	0.50124	0.62778	0.67208	-0.21837	0.24105	0.65593	0.25608	0.55136	-0.31824	0.36887	0.63942	0.24992	0.50474	0.28022	0.69949	0.44585	0.56316	0.30338	0.33224	0.38467	0.54188	0.80578	-0.14349	0.56329	0.19974	0.5646	-0.11678	0.36209	0.13694	-0.068916
0.37479	1.006	0.79851	0.37492	0.25505	0.91456	0.74801	0.18333	0.72102	-0.17151	0.09007	0.20782	-0.12177	0.72238	0.81399	0.41398	0.72392	0.44213	0.40823	-0.062796	0.27156	0.40921	0.17511	0.30169	0.4873	-0.34675	0.18801	0.19775	0.039321	0.3308	0.061516	-0.32937	-0.044265	0.30762	0.4055	0.26708	0.36886	0.73242	0.51751	0.55173	-0.10133	0.16641	0.4208	0.57179	0.24288	0.24714	0.0069387	0.51901	-0.13435	-0.46654	0.092544	0.35483	0.18528	0.23227	0.57707	0.3068	0.56729	0.14103	0.20289	0.034695	0.1515	-0.11326	0.35308	-0.34193	0.81398	0.50288	-0.087601	0.10174	0.59556	0.46026	0.35629	0.12201	0.2608	0.30534	0.36397	0.69377	0.61811	0.36261	0.27398	0.33824	0.11533	0.32718	0.042808	0.33106	-0.047453	0.38395	0.65804	0.61802	0.27336	0.0081817	0.22172	-0.0038541	-0.3918	0.35072	0.22618	0.33774	0.45926	0.30237	0.40639	0.39224	0.4062	0.2148	0.42581	-0.0041488	0.25738	0.13195	0.09371	-0.46772	0.57056	0.049324	0.39642	0.41335	-0.20507	0.26172	-0.038699	0.22234	0.13394	0.12067	0.37222	0.29004	0.3645	0.46298	0.31758	0.49959	0.31077	-0.23653	0.29715	-0.26976	0.55403	0.48868	0.28816
0.60537	0.79851	1.0035	0.18117	0.30209	0.91849	0.91745	0.37275	0.6407	0.2001	0.2489	-0.098167	0.3733	0.4601	0.87458	0.60454	0.8433	0.61157	0.1845	0.29772	0.17113	0.58891	0.16977	0.24463	0.21656	-0.15101	0.58293	0.31086	-0.13894	0.39003	0.44477	-0.077218	0.077762	0.2249	0.42472	0.27298	0.29492	0.71916	0.40055	0.53915	0.10265	0.27065	0.31819	0.31	0.13507	0.2578	-0.10382	0.30035	-0.23148	-0.43284	0.18357	0.29042	0.37824	0.22133	0.59928	0.2428	0.34025	0.26267	0.4119	0.23716	0.1208	0.2588	0.24214	-0.08228	0.75792	0.27442	-0.10529	0.41696	0.33783	0.26343	0.2382	0.17878	0.48945	0.026358	0.31367	0.58855	0.53653	0.3006	-0.03176	0.30207	0.25631	0.24229	0.16365	0.22576	-0.20163	0.23053	0.50282	0.38128	0.23791	-0.10199	0.089189	0.11163	-0.21038	0.24385	0.085665	0.45366	0.26798	0.21172	0.6072	0.26438	0.3264	0.1399	0.3019	0.18906	0.12791	0.035826	0.22336	-0.11755	0.68615	-0.15424	0.1722	0.26181	0.086432	0.21361	0.068262	0.37956	0.10914	0.18161	0.55403	0.16668	0.58603	0.28625	0.48557	0.49481	0.30564	-0.038947	0.23703	-0.29272	0.55921	0.28951	0.22399
-0.19978	0.37492	0.18117	0.99337	-0.13776	0.2772	0.058332	-0.29536	0.42859	-0.49006	-0.49233	0.5417	-0.27457	0.64725	0.19301	0.0021175	0.37409	0.19588	0.015373	-0.18968	-0.26844	0.36262	-0.21642	-0.24803	0.055385	-0.19466	-0.17591	-0.085851	0.48226	-0.129	-0.43702	-0.20249	-0.20812	-0.13933	0.50549	-0.30382	-0.15469	0.54021	-0.15545	0.52983	-0.27879	-0.22865	-0.060304	-0.030272	0.29202	-0.099612	-0.22089	-0.014387	0.35488	-0.44063	-0.456	0.014268	0.27448	-0.19534	0.28041	-0.20614	0.73173	-0.046992	0.02084	-0.022953	-0.39617	0.024318	-0.052973	-0.36529	0.2835	0.70892	0.3952	-0.33068	0.47284	0.051534	-0.1441	-0.2186	0.23805	0.77408	0.034855	0.58954	0.057497	0.59884	0.46696	-0.11806	-0.31263	-0.2236	0.11148	0.20011	0.56451	-0.18088	0.57256	0.085967	0.0033435	-0.059017	-0.20803	-0.3173	-0.40433	-0.13651	-0.28651	0.22278	0.081699	-0.25735	-0.14514	-0.18359	0.17936	-0.23758	-0.027525	-0.44375	0.81219	0.0020387	-0.33164	-0.43793	-0.051623	0.47134	-0.0229	-0.12676	-0.16633	0.034678	-0.30209	-0.19146	-0.37158	-0.20827	-0.098776	-0.069679	0.52621	-0.093063	-0.22643	0.4205	-0.079281	-0.24778	0.015503	-0.041055	0.12525	0.52635	0.46572
0.6306	0.25505	0.30209	-0.13776	1.0023	0.27014	0.36756	0.43883	0.47102	0.55096	0.28563	0.048093	0.22428	0.34016	0.2712	0.15216	0.29707	-0.023672	0.34917	0.50797	0.61676	0.35368	0.76795	0.60248	0.53005	-0.47291	0.5757	0.60493	0.039942	0.92942	0.49612	-0.10187	0.85	0.73295	0.3535	0.84255	0.73339	0.31937	0.64532	0.52044	0.68476	0.83258	0.73218	0.52806	-0.34008	0.72987	0.55094	0.54826	0.1286	-0.15943	0.7643	0.73173	0.52389	0.80572	0.55264	0.77439	0.16199	0.68594	0.75661	0.005933	0.75986	0.12397	0.0038055	0.44271	0.36895	0.33369	0.39968	0.52171	0.53887	0.62857	0.35168	0.84597	0.20627	0.12021	0.63394	0.17192	0.41177	0.20659	0.20448	0.74303	0.85153	0.79919	0.37712	0.5035	0.13493	0.76459	0.082741	0.46435	0.73296	0.41882	0.32082	0.54647	0.24584	0.67557	0.48669	0.56599	0.75915	0.81839	0.37997	0.76506	0.67428	0.70736	0.67612	0.79673	0.086589	0.74635	0.8086	0.23434	0.37062	0.085048	0.73362	0.69057	0.35666	0.77296	0.65296	0.75811	0.79998	0.8274	0.31773	0.26819	0.29518	0.56814	0.84039	-0.17875	0.95701	0.43877	0.68455	-0.35035	0.36504	0.35166	-0.24239
0.5114	0.91456	0.91849	0.2772	0.27014	1.0118	0.88905	0.23606	0.71652	0.065374	0.13885	0.070665	0.090142	0.59007	0.89201	0.53609	0.78119	0.49482	0.27283	0.12051	0.19146	0.52355	0.16378	0.22511	0.29928	-0.23852	0.3961	0.28536	-0.0024661	0.35783	0.30683	-0.18086	0.041962	0.24144	0.49007	0.25339	0.31271	0.72233	0.42493	0.50163	0.025878	0.20222	0.34826	0.39878	0.26478	0.23733	-0.022985	0.33128	-0.10742	-0.50062	0.090579	0.2774	0.26553	0.21195	0.58323	0.25048	0.48994	0.25033	0.30381	0.12792	0.09173	-0.022901	0.3299	-0.18718	0.75729	0.37248	-0.043905	0.313	0.39966	0.31779	0.27885	0.13222	0.26172	0.17496	0.32719	0.61002	0.56417	0.25477	0.089697	0.30272	0.16979	0.26213	0.059802	0.28318	-0.070191	0.25557	0.52109	0.41523	0.23743	-0.036511	0.071792	0.097451	-0.29778	0.27824	0.078108	0.405	0.29932	0.23322	0.49614	0.3063	0.26433	0.17935	0.34148	0.092502	0.18111	0.077285	0.17356	-0.31245	0.6585	0.052253	0.2274	0.30738	0.0080636	0.21241	0.05219	0.28612	0.10661	0.13913	0.39349	0.19311	0.4604	0.30425	0.4167	0.48409	0.27957	-0.094668	0.24118	-0.23276	0.6146	0.35845	0.22683
0.66673	0.74801	0.91745	0.058332	0.36756	0.88905	1.0097	0.39409	0.65925	0.26816	0.29597	-0.13234	0.34785	0.40747	0.87657	0.44175	0.806	0.6256	0.17836	0.32141	0.27103	0.57739	0.29023	0.34051	0.30355	-0.10012	0.59664	0.39296	-0.099408	0.47736	0.50413	-0.067656	0.14934	0.35166	0.46265	0.3844	0.4071	0.6571	0.43236	0.52664	0.08088	0.35864	0.43673	0.39238	0.11832	0.3503	-0.027967	0.31819	-0.20984	-0.41035	0.27026	0.37262	0.3815	0.33103	0.56025	0.35294	0.31096	0.31524	0.38955	0.25325	0.24733	0.12412	0.16095	-0.15947	0.70971	0.24521	-0.11656	0.50717	0.24659	0.33239	0.27179	0.24403	0.33082	0.067708	0.37561	0.57747	0.60872	0.1667	-0.027653	0.41453	0.37075	0.36528	0.11542	0.24129	-0.11848	0.3624	0.30439	0.3824	0.35467	0.0105	0.11153	0.22924	-0.25566	0.34958	0.17916	0.44517	0.35788	0.35809	0.66051	0.4007	0.35851	0.29281	0.42174	0.28455	0.1069	0.17378	0.28751	-0.13616	0.63674	-0.072676	0.27626	0.38759	-0.00078657	0.29539	0.13212	0.41122	0.23369	0.22867	0.53676	0.19047	0.51694	0.36908	0.62168	0.39536	0.35316	0.0073192	0.31379	-0.25203	0.57983	0.28911	0.16739
0.58625	0.18333	0.37275	-0.29536	0.43883	0.23606	0.39409	1.0148	-0.031517	0.53343	0.75382	-0.26931	0.55087	-0.14624	0.077115	0.14035	0.16623	0.16656	0.20598	0.47022	0.58656	-0.050229	0.46632	0.61809	0.068455	0.13702	0.42654	0.3305	-0.26619	0.44055	0.30487	0.12243	0.29786	0.60203	0.0053772	0.47337	0.48062	0.092159	0.24048	0.12924	0.12573	0.38278	0.51926	0.18697	-0.16557	0.28224	0.38974	0.26232	-0.41731	0.016534	0.50477	0.38276	0.24722	0.49775	-0.0064694	0.4361	-0.24584	0.00022475	0.28705	0.063968	0.49454	0.26856	0.14054	-0.029723	0.26449	-0.14023	-0.31306	0.22199	0.15346	0.31813	0.14912	0.29622	0.16605	-0.24878	0.37804	0.0931	0.17353	0.089183	-0.13239	0.50996	0.44486	0.39761	0.30873	0.0036744	-0.25455	0.36444	-0.098892	0.1581	0.23072	-0.12528	0.13182	0.23355	-0.045158	0.29176	0.47044	0.18995	0.24601	0.51473	0.18373	0.51227	0.35944	0.40763	0.44129	0.55913	-0.24573	0.29962	0.31202	0.18018	0.29329	-0.26712	0.30566	0.28882	-0.099047	0.26001	0.39699	0.30602	0.29164	0.096223	0.080465	0.24935	0.080519	0.22604	0.42956	-0.019414	0.42478	-0.022881	0.21442	-0.19423	-0.11249	0.018982	-0.17724
0.32099	0.72102	0.6407	0.42859	0.47102	0.71652	0.65925	-0.031517	1.0108	-0.014701	-0.099802	0.35728	-0.021665	0.77346	0.7754	0.30764	0.62991	0.32754	0.10899	0.050189	0.10502	0.65475	0.26953	0.12836	0.44996	-0.47869	0.34158	0.24332	0.35072	0.49278	0.24649	-0.2358	0.21346	0.2744	0.67854	0.28922	0.36809	0.81351	0.4621	0.71767	0.2207	0.34214	0.41376	0.4337	0.078727	0.40355	-0.057987	0.34293	0.21449	-0.32281	0.18477	0.42215	0.34902	0.30314	0.69145	0.3756	0.81162	0.48585	0.42337	0.071778	0.24707	-0.031506	-0.0088645	-0.060484	0.84328	0.64016	0.40094	0.35931	0.53965	0.46263	0.14267	0.3287	0.29496	0.57371	0.42083	0.64838	0.71417	0.38731	0.38729	0.37516	0.27898	0.3715	0.1166	0.49159	0.35844	0.38423	0.53468	0.43838	0.4969	0.24427	0.040579	0.1926	-0.16463	0.39559	0.023124	0.5494	0.53343	0.32627	0.35417	0.3502	0.43987	0.2985	0.45461	0.16363	0.45133	0.33261	0.28844	-0.21505	0.38376	0.3515	0.46543	0.44313	0.014796	0.46812	0.10338	0.41574	0.232	0.35753	0.41941	0.31747	0.49681	0.37974	0.5559	0.32305	0.44288	0.030518	0.46961	-0.40415	0.6295	0.53343	0.29353
0.63258	-0.17151	0.2001	-0.49006	0.55096	0.065374	0.26816	0.53343	-0.014701	0.99538	0.56006	-0.43422	0.58646	-0.32562	0.075559	0.21359	0.01375	0.10624	-0.098531	0.79973	0.24486	0.07448	0.41651	0.19798	-0.14251	-0.072678	0.59818	0.65824	-0.28116	0.5509	0.64268	0.019602	0.63152	0.33593	0.20838	0.41149	0.40779	-0.16923	0.051087	-0.082595	0.60882	0.54481	0.28704	-0.17384	-0.19138	0.38241	0.32181	-0.11855	-0.15348	-0.028214	0.58943	0.3172	0.44916	0.43745	0.24198	0.42545	-0.28169	0.31311	0.59451	0.35757	0.44593	0.44937	-0.15933	0.59621	0.058709	-0.29716	0.03518	0.51397	-0.23221	0.19963	-0.1677	0.52811	0.22101	-0.39388	0.038137	-0.2185	0.14311	-0.27497	-0.3478	0.40831	0.57642	0.39003	0.075778	-0.10831	-0.26001	0.2029	-0.34784	-0.17159	0.19342	-0.11488	-0.11992	0.2871	0.39448	0.25963	0.10924	0.071793	0.062272	0.37793	0.25482	0.28256	0.09248	0.30153	0.25695	0.82405	-0.40499	0.22222	0.65074	0.63667	0.097608	-0.22215	0.038279	0.21771	0.44217	0.26608	0.48327	0.56064	0.37179	0.45323	0.20819	0.085131	0.16048	0.070929	0.6414	-0.30965	0.43441	0.2551	0.23303	-0.048962	0.14425	-0.23513	-0.19875
0.41533	0.09007	0.2489	-0.49233	0.28563	0.13885	0.29597	0.75382	-0.099802	0.56006	0.99463	-0.20309	0.32687	-0.2854	0.046347	0.31207	-0.028011	0.070171	0.21045	0.49307	0.48768	-0.28033	0.20476	0.48031	0.063913	0.084429	0.15114	0.34128	-0.2466	0.32523	0.30282	-0.04732	0.12069	0.33626	-0.033483	0.2541	0.2528	-0.081916	0.27424	-0.18858	0.14736	0.14111	0.25131	0.19562	-0.24342	0.0032223	0.31046	0.24491	-0.44938	0.16669	0.47802	0.10465	0.052394	0.21826	0.016364	0.222	-0.30532	-0.053853	0.21958	0.101	0.3823	0.31807	0.14517	0.098438	0.18158	-0.28907	-0.38359	0.17323	-0.056115	0.11956	0.14773	0.092519	0.043195	-0.40885	0.11931	-0.20669	0.045262	-0.19987	-0.10346	0.2385	0.33918	0.21278	-0.072189	-0.18881	-0.35053	0.20293	-0.14605	0.1297	-0.043149	-0.12809	0.25404	0.038378	0.073211	0.082564	0.44326	0.019747	0.046829	0.32111	0.15477	0.29728	0.021643	0.16102	0.1635	0.51902	-0.43494	0.13851	0.17397	0.41731	0.15186	-0.24469	0.11227	0.10839	-0.113	-0.038686	0.17746	0.073848	0.20659	0.029258	0.19725	0.14538	-0.16598	0.17095	0.292	-0.11979	0.22134	-0.17747	-0.053314	-0.15662	0.0067178	-0.26545	-0.31079
-0.37698	0.20782	-0.098167	0.5417	0.048093	0.070665	-0.13234	-0.26931	0.35728	-0.43422	-0.20309	1.007	-0.5619	0.62309	-0.022274	-0.10195	-0.013493	-0.33141	0.26804	-0.33469	0.11256	0.050257	-0.14688	0.086489	0.38965	-0.3313	-0.44719	-0.14274	0.91667	0.10496	-0.31634	-0.10718	-0.19455	0.019241	0.1992	-0.11056	-0.15656	0.33682	0.24267	0.24487	-0.079266	-0.27583	0.0044017	0.36853	-0.046153	-0.22235	0.000445	0.42273	0.23304	-0.14725	-0.2374	-0.063284	0.11983	-0.11492	0.008431	-0.18054	0.67755	0.091037	-0.10807	-0.22917	-0.20432	-0.22252	0.078606	-0.18853	0.16332	0.61256	0.43499	-0.21847	0.57711	0.062493	0.20153	-0.22841	-0.16628	0.5865	0.34616	0.18145	-0.12145	0.55577	0.9312	-0.12403	-0.067551	-0.12277	0.073733	0.20914	0.75163	0.0068291	0.55428	0.23302	0.041311	0.39961	0.23771	-0.1766	-0.20572	-0.12814	0.10637	0.35299	0.24832	-0.055893	-0.0417	0.013145	0.1007	-0.1083	-0.015823	-0.29533	0.57848	0.34261	-0.26833	-0.29144	-0.041682	0.76754	0.25799	-0.09749	-0.079851	-0.0021712	-0.097235	-0.29484	-0.09191	-0.11092	-0.15995	0.095507	0.076137	0.0060754	-0.23432	0.15111	0.067679	-0.16555	-0.072759	-0.18145	0.042829	0.43061	-0.20353
0.51223	-0.12177	0.3733	-0.27457	0.22428	0.090142	0.34785	0.55087	-0.021665	0.58646	0.32687	-0.5619	0.99472	-0.33554	0.14175	0.13254	0.29655	0.26587	-0.24453	0.4929	0.082138	0.29665	0.30334	0.1724	-0.3279	0.19029	0.74583	0.23323	-0.36824	0.20365	0.50098	0.28511	0.27693	0.26212	0.14037	0.26602	0.26031	0.0026945	-0.13579	0.1044	0.26984	0.36883	0.22622	-0.34585	-0.18693	0.27818	-0.0011219	-0.24406	-0.17542	-0.0072709	0.31231	0.26263	0.34338	0.31175	0.069758	0.21318	-0.27089	0.066364	0.30339	0.23795	0.25611	0.51737	-0.29221	0.23277	0.085862	-0.29559	-0.12025	0.44736	-0.22702	0.054783	-0.28167	0.29772	0.41651	-0.33328	0.086273	0.043883	0.17219	-0.023516	-0.47004	0.33936	0.28153	0.16605	0.35797	-0.16326	-0.3042	0.042911	-0.29101	-0.2526	0.13227	-0.30507	-0.24464	0.22416	0.15767	0.1054	-0.021163	0.12013	-0.04769	0.18162	0.28748	0.14079	0.17976	0.15857	0.19037	0.45355	-0.19695	0.033175	0.3149	0.33551	0.1614	-0.37001	-0.11311	0.054198	0.26202	0.19861	0.26196	0.39945	0.081933	0.13182	0.3732	0.10959	0.32804	-0.047806	0.40005	-0.10957	0.17917	0.18369	0.20048	-0.14711	-0.090063	-0.16086	0.062109
0.19865	0.72238	0.4601	0.64725	0.34016	0.59007	0.40747	-0.14624	0.77346	-0.32562	-0.2854	0.62309	-0.33554	1.0041	0.61042	0.038559	0.60487	0.11403	0.39902	-0.17267	0.19329	0.51178	0.19146	0.24598	0.61141	-0.41921	0.092642	0.17917	0.48058	0.3896	0.0081479	-0.24716	0.087541	0.28295	0.48344	0.27647	0.29341	0.78832	0.49243	0.66017	0.00056616	0.18972	0.38397	0.54751	0.15165	0.27725	0.025278	0.56941	0.13696	-0.4857	-0.00077925	0.36997	0.38085	0.23844	0.54267	0.27455	0.8178	0.35809	0.19057	-0.025448	0.077046	-0.21183	0.023961	-0.26412	0.65603	0.80979	0.3029	0.11782	0.78384	0.49544	0.2696	0.18717	0.12365	0.60198	0.46886	0.58339	0.465	0.53103	0.6976	0.26617	0.19441	0.31544	0.15505	0.50915	0.38427	0.39719	0.71894	0.59825	0.40256	0.34458	0.25038	0.097741	-0.36603	0.38094	0.15782	0.50602	0.57668	0.28432	0.2941	0.36382	0.47005	0.24404	0.41606	-0.07575	0.58265	0.32484	0.1148	-0.4856	0.28513	0.40108	0.56814	0.40993	-0.067991	0.40282	0.02338	0.22941	0.20711	0.22556	0.14999	0.32948	0.47917	0.48852	0.28256	0.28419	0.35337	0.010855	0.37936	-0.26815	0.49357	0.74548	0.14505
0.54687	0.81399	0.87458	0.19301	0.2712	0.89201	0.87657	0.077115	0.7754	0.075559	0.046347	-0.022274	0.14175	0.61042	1.0111	0.44305	0.80311	0.56034	0.16913	0.14193	0.086711	0.65513	0.18458	0.14607	0.30959	-0.21761	0.49796	0.29373	-0.062887	0.35006	0.43585	-0.21395	0.10173	0.16476	0.4602	0.2654	0.29526	0.75342	0.45691	0.50697	0.054803	0.2898	0.29625	0.37542	0.226	0.31648	-0.11997	0.29854	-0.12784	-0.46317	0.12334	0.27094	0.30585	0.209	0.62358	0.2909	0.48781	0.35341	0.30685	0.21654	0.11888	0.013781	0.136	-0.15041	0.80139	0.32954	-0.076795	0.49987	0.29907	0.33705	0.2563	0.20135	0.29938	0.14363	0.28502	0.52713	0.67888	0.12641	0.066665	0.26708	0.24012	0.28608	0.0049704	0.34628	-0.15768	0.30414	0.47919	0.43346	0.31733	0.076334	0.092506	0.21336	-0.28528	0.3426	0.026242	0.40614	0.31386	0.22627	0.57956	0.27054	0.26238	0.23532	0.32648	0.12961	0.12543	0.00072951	0.23994	-0.23156	0.52939	-0.056592	0.27792	0.38243	0.012032	0.26861	0.031679	0.3854	0.20012	0.23917	0.51712	0.27742	0.51151	0.37261	0.53541	0.40485	0.24347	0.07798	0.3237	-0.28332	0.70452	0.3463	0.27358
0.15906	0.41398	0.60454	0.0021175	0.15216	0.53609	0.44175	0.14035	0.30764	0.21359	0.31207	-0.10195	0.13254	0.038559	0.44305	0.99943	0.36889	0.34999	-0.0035689	0.3731	-0.073832	0.21282	-0.045791	-0.12777	0.0024537	-0.31356	0.25272	0.22259	-0.16971	0.10932	0.23099	-0.18737	0.036474	-0.14962	0.25578	-0.092808	-0.061365	0.29141	0.22199	0.19889	0.13287	0.11716	-0.077514	0.15386	-0.077415	0.022338	-0.093299	0.064982	0.057702	-0.1427	0.11263	-0.022714	0.083785	-0.053056	0.47017	-0.028142	0.05533	0.20342	0.50317	0.2275	-0.10208	0.53376	0.45869	0.16047	0.35577	0.017654	-0.036682	0.24393	0.11982	-0.13104	0.32138	0.05692	0.5311	-0.14024	0.036928	0.22336	0.10959	0.17925	-0.21747	-0.060082	-0.015754	-0.048477	0.076159	0.20628	-0.16759	-0.024598	0.38116	0.15121	0.052033	-0.0027253	-0.00029342	0.011029	-0.019977	-0.03496	-0.14104	0.28002	0.01794	-0.094673	0.30033	-0.089314	0.064266	-0.078455	-0.10016	0.17521	0.00036423	-0.14227	0.11413	0.1387	0.45563	-0.11871	-0.12678	-0.031733	0.076136	0.0016344	-0.0029048	0.17577	0.0056942	0.1187	0.43912	-0.23142	0.31533	-0.060542	0.1166	0.44843	0.16122	-0.030074	-0.00397	-0.24254	0.37545	-0.053155	0.054873
0.56192	0.72392	0.8433	0.37409	0.29707	0.78119	0.806	0.16623	0.62991	0.01375	-0.028011	-0.013493	0.29655	0.60487	0.80311	0.36889	1.0031	0.4801	0.31642	0.23531	0.17118	0.6811	0.21395	0.30726	0.32279	-0.24955	0.62237	0.38982	-0.05968	0.39242	0.40204	-0.030783	0.099137	0.24667	0.51515	0.32424	0.28876	0.74022	0.3771	0.64218	-0.045631	0.34667	0.35272	0.34005	0.122	0.36767	-0.039435	0.35314	-0.053562	-0.56945	0.10404	0.36526	0.51162	0.25228	0.60797	0.2375	0.40004	0.29587	0.37283	0.27605	0.066647	0.24577	-0.053867	-0.26377	0.59911	0.48685	-0.061928	0.41694	0.42829	0.30963	0.22296	0.19887	0.49902	0.17814	0.35923	0.67146	0.48987	0.35669	0.1076	0.33001	0.28703	0.26056	0.25684	0.33021	-0.060247	0.35077	0.48464	0.51919	0.3846	0.080658	0.20026	0.20711	-0.41318	0.27904	0.14716	0.4609	0.40757	0.23653	0.62135	0.28892	0.47703	0.22402	0.35107	0.064597	0.32594	0.13542	0.15386	-0.33311	0.57398	-0.089814	0.28644	0.3518	-0.018524	0.33914	0.02373	0.35864	0.15593	0.21167	0.45753	0.14651	0.7367	0.3703	0.43689	0.33512	0.30867	0.047543	0.37741	-0.25478	0.53445	0.43378	0.29457
0.35981	0.44213	0.61157	0.19588	-0.023672	0.49482	0.6256	0.16656	0.32754	0.10624	0.070171	-0.33141	0.26587	0.11403	0.56034	0.34999	0.4801	0.9966	-0.26615	0.29556	-0.21185	0.31767	-0.0407	-0.19614	0.061394	0.20031	0.25766	0.16502	-0.23266	0.025596	0.097886	-0.17058	-0.041518	-0.0327	0.23048	-0.050647	0.15729	0.3542	-0.054559	0.44068	-0.17858	0.10118	0.091228	0.033276	0.29699	0.15713	-0.43617	-0.081097	-0.23149	-0.34673	0.023792	0.18371	0.22507	-0.0013556	0.43338	0.12585	0.11745	-0.0074851	0.20789	0.32191	-0.045165	0.31745	0.21327	-0.14831	0.50619	0.063878	-0.17417	0.10618	-0.054632	0.11566	-0.0045263	0.052152	0.49337	0.12876	-0.13624	0.5213	0.45254	0.079982	-0.29052	0.12765	-0.0050692	0.077607	-0.094353	-0.036282	-0.1662	0.024431	0.246	0.092909	0.036982	-0.32318	-0.19856	-0.17863	-0.19846	0.13188	-0.19101	0.042493	0.086048	-0.030276	0.3846	0.017549	0.14628	-0.066841	0.14862	0.033525	0.18395	-0.17437	0.059751	0.014528	0.31936	-0.24243	-0.078964	0.15035	-0.14238	0.072698	-0.25227	0.22799	-0.15625	0.028284	0.40215	-0.14995	0.48832	0.15566	0.28358	0.59072	0.033452	-0.18528	0.13732	-0.021087	0.27635	0.111	0.42845
0.16128	0.40823	0.1845	0.015373	0.34917	0.27283	0.17836	0.20598	0.10899	-0.098531	0.21045	0.26804	-0.24453	0.39902	0.16913	-0.0035689	0.31642	-0.26615	1.0036	0.04199	0.78264	0.10165	0.31526	0.75997	0.45546	-0.36602	0.010211	0.097187	0.010193	0.45352	-0.031756	-0.24714	0.16953	0.44412	-0.026223	0.46596	0.18957	0.28116	0.75922	0.033392	0.064072	0.10705	0.33061	0.67821	-0.030949	0.042648	0.70994	0.7581	-0.10345	-0.34907	0.093756	0.16331	0.071783	0.32562	0.16063	0.13116	0.05189	0.2788	0.091904	-0.28787	0.20745	-0.24533	0.063497	-0.14448	0.1398	0.38672	-0.1545	-0.028581	0.48338	0.19181	0.55064	0.076035	-0.14187	-0.11905	0.59231	0.02598	-0.0496	0.18366	0.37961	0.22366	0.43163	0.28652	0.21553	0.34687	-0.11392	0.51952	0.26793	0.72296	0.33796	0.48851	0.81787	0.279	-0.21996	0.14993	0.82512	0.31462	0.43394	0.47457	0.29865	0.44426	0.37172	0.3579	0.18569	0.02659	-0.0059284	0.48289	0.056153	-0.37268	0.23503	0.04902	0.54918	0.24447	-0.062239	0.15807	0.38771	-0.038487	0.51963	0.17734	-0.0074969	0.1398	-0.035714	0.37761	0.16184	-0.14498	0.33967	0.13875	0.076244	0.025333	0.30102	0.17614	-0.15821
0.53522	-0.062796	0.29772	-0.18968	0.50797	0.12051	0.32141	0.47022	0.050189	0.79973	0.49307	-0.33469	0.4929	-0.17267	0.14193	0.3731	0.23531	0.29556	0.04199	0.99646	0.29419	0.2414	0.31756	0.23585	-0.083809	-0.13683	0.54835	0.67053	-0.23993	0.54444	0.52354	-0.19165	0.51001	0.2272	0.39769	0.26584	0.19771	0.081279	0.12239	0.1093	0.4121	0.43031	0.15897	-0.023651	-0.2657	0.2259	0.34251	0.009144	-0.024442	-0.27635	0.35418	0.21676	0.63273	0.30431	0.36675	0.21075	-0.18098	0.37871	0.7047	0.50906	0.19909	0.66284	-0.11919	0.42204	0.10482	0.022422	0.080268	0.45803	-0.086459	-0.01581	0.052223	0.35638	0.44713	-0.20178	0.11977	0.00064962	-0.01102	-0.026056	-0.26456	0.23984	0.5428	0.20804	0.20658	0.089367	-0.11113	0.18554	-0.098371	0.081522	0.25506	0.034794	0.078268	0.21744	0.12185	0.085039	0.21461	0.23945	0.10421	0.26714	0.35114	0.16103	0.232	0.18296	0.084495	0.62328	-0.097617	0.26924	0.42298	0.47327	0.10179	-0.17772	0.062934	0.079005	0.27254	0.20328	0.39758	0.40282	0.32408	0.33105	0.24657	-0.25803	0.43378	0.030131	0.52821	-0.046327	0.4117	0.24105	0.13539	-0.12333	0.22444	-0.079784	0.0070758
0.34774	0.27156	0.17113	-0.26844	0.61676	0.19146	0.27103	0.58656	0.10502	0.24486	0.48768	0.11256	0.082138	0.19329	0.086711	-0.073832	0.17118	-0.21185	0.78264	0.29419	1.0125	0.087695	0.62971	0.95962	0.45884	-0.24147	0.21528	0.24714	-0.0050782	0.68355	0.17236	-0.19304	0.4003	0.77077	0.062612	0.71527	0.47076	0.21945	0.76021	0.077589	0.26562	0.36703	0.60484	0.67269	-0.34851	0.23765	0.79802	0.74808	-0.14977	-0.14985	0.40876	0.41828	0.23764	0.64115	0.10699	0.4101	-0.079063	0.38901	0.27739	-0.1283	0.55094	-0.16144	0.079103	0.017663	0.1672	0.29931	-0.069257	0.18169	0.43234	0.31175	0.5351	0.34727	-0.10543	-0.14695	0.78007	0.028652	0.044458	0.17572	0.25789	0.52284	0.67464	0.53922	0.42273	0.38083	-0.047452	0.69129	0.052446	0.62063	0.53634	0.4665	0.7136	0.4324	-0.032943	0.35227	0.95421	0.40963	0.572	0.77792	0.3379	0.7198	0.54056	0.59913	0.4366	0.42919	-0.1101	0.741	0.33783	-0.13786	0.23376	0.02826	0.69221	0.39137	0.0072652	0.37553	0.67294	0.21755	0.71837	0.30274	0.11432	0.18596	-0.08757	0.45783	0.45302	-0.16414	0.58917	0.23453	0.24669	-0.20622	0.18777	0.22773	-0.3193
0.27625	0.40921	0.58891	0.36262	0.35368	0.52355	0.57739	-0.050229	0.65475	0.07448	-0.28033	0.050257	0.29665	0.51178	0.65513	0.21282	0.6811	0.31767	0.10165	0.2414	0.087695	0.99315	0.27647	0.12266	0.016632	-0.31674	0.60905	0.11637	0.068811	0.39636	0.36974	-0.24274	0.30315	0.16538	0.58443	0.23464	0.10986	0.73515	0.33881	0.58188	0.3118	0.32556	0.19166	0.1289	-0.14694	0.25818	0.036553	0.15464	0.36094	-0.47278	-0.049336	0.22908	0.54992	0.26505	0.55325	0.10367	0.47792	0.62364	0.5223	0.20403	0.0085935	0.12911	-0.12325	0.058775	0.49688	0.48915	0.35521	0.49861	0.33801	0.11516	0.16826	0.2684	0.39493	0.31	0.44758	0.50819	0.29545	0.41533	0.10853	0.18432	0.31124	0.14534	0.42027	0.54963	0.16273	0.17366	0.39592	0.22737	0.51044	0.28081	0.035355	0.38679	-0.10451	0.13753	-0.01266	0.65155	0.25435	0.17709	0.46288	0.12844	0.40845	0.22799	0.12855	0.098058	0.47915	0.23795	0.26802	-0.1775	0.22947	0.094819	0.23407	0.12731	0.30495	0.35174	0.36356	0.36086	0.27179	0.32151	0.45153	0.10137	0.74458	0.054597	0.49169	0.27331	0.31664	0.43605	0.2718	-0.37335	0.56932	0.41806	0.29713
0.51961	0.17511	0.16977	-0.21642	0.76795	0.16378	0.29023	0.46632	0.26953	0.41651	0.20476	-0.14688	0.30334	0.19146	0.18458	-0.045791	0.21395	-0.0407	0.31526	0.31756	0.62971	0.27647	0.99336	0.60264	0.37176	-0.26884	0.59307	0.36838	-0.10778	0.63225	0.26453	-0.10817	0.76384	0.90253	0.16717	0.85796	0.83032	0.20184	0.52507	0.32727	0.41945	0.85584	0.88204	0.39145	-0.23629	0.7866	0.61974	0.40046	0.036648	-0.13002	0.6647	0.83682	0.31907	0.97912	0.31071	0.79877	-0.056407	0.49482	0.4958	-0.045197	0.77308	-0.030485	-0.047897	0.14358	0.2639	0.16764	0.062118	0.3612	0.44936	0.66778	0.30795	0.83119	0.13479	-0.056873	0.67329	0.15754	0.41356	0.17107	0.0016957	0.86375	0.66019	0.85025	0.59537	0.55469	-0.051064	0.84725	-0.036006	0.31256	0.84249	0.42638	0.14352	0.70988	0.055961	0.76129	0.45269	0.37455	0.72035	0.92282	0.17978	0.88787	0.73749	0.93744	0.79655	0.75883	-0.034133	0.69824	0.7504	-0.053728	0.16039	-0.010825	0.67164	0.75865	0.092026	0.8883	0.73105	0.73138	0.85641	0.60698	0.21011	0.46791	0.15085	0.54371	0.72394	-0.21754	0.77157	0.58532	0.77739	-0.21494	0.14291	0.39478	-0.20928
0.4593	0.30169	0.24463	-0.24803	0.60248	0.22511	0.34051	0.61809	0.12836	0.19798	0.48031	0.086489	0.1724	0.24598	0.14607	-0.12777	0.30726	-0.19614	0.75997	0.23585	0.95962	0.12266	0.60264	1.0021	0.50545	-0.16409	0.3197	0.27655	-0.037452	0.68079	0.29118	-0.025053	0.34898	0.76968	0.041518	0.75942	0.50325	0.26999	0.73259	0.17169	0.20624	0.4014	0.64138	0.66664	-0.33803	0.29825	0.68701	0.76739	-0.21783	-0.14059	0.45535	0.44667	0.26542	0.62571	0.096806	0.44103	-0.070257	0.33505	0.22214	-0.12397	0.57496	-0.14153	-0.0042192	-0.070974	0.20479	0.27019	-0.12996	0.27368	0.46592	0.38553	0.50405	0.34215	-0.091344	-0.13974	0.75201	0.077265	0.12125	0.1692	0.28801	0.55528	0.69312	0.55292	0.38668	0.32443	-0.084611	0.70439	0.05323	0.65109	0.50901	0.41076	0.72301	0.44472	-0.099924	0.38604	0.92168	0.41037	0.58387	0.76006	0.38956	0.73576	0.54919	0.59392	0.49273	0.39553	-0.093362	0.68268	0.3118	-0.14803	0.32857	-0.055788	0.6998	0.44877	-0.015495	0.3938	0.55835	0.24219	0.66584	0.30733	0.14878	0.28355	-0.0058145	0.53058	0.47047	-0.21218	0.57501	0.21091	0.30709	-0.25335	0.15961	0.25667	-0.33049
0.31132	0.4873	0.21656	0.055385	0.53005	0.29928	0.30355	0.068455	0.44996	-0.14251	0.063913	0.38965	-0.3279	0.61141	0.30959	0.0024537	0.32279	0.061394	0.45546	-0.083809	0.45884	0.016632	0.37176	0.50545	0.99613	-0.29923	0.011603	0.34905	0.30247	0.56371	0.096818	0.00202	0.23302	0.48834	0.076317	0.58353	0.55331	0.32059	0.63788	0.51097	0.080182	0.40868	0.5732	0.85588	-0.015137	0.46721	0.13581	0.79138	-0.14421	-0.11335	0.4817	0.57685	0.17623	0.43389	0.45423	0.58207	0.32365	0.2784	0.15607	-0.10513	0.4995	-0.1783	0.11371	-0.1469	0.38339	0.47729	0.11396	0.13975	0.62519	0.60211	0.50808	0.42775	0.021866	0.29309	0.47431	0.30144	0.48115	0.2317	0.53427	0.46724	0.44862	0.65023	0.036703	0.29843	0.23402	0.73703	0.32979	0.76554	0.45624	0.44056	0.5618	0.10901	-0.14074	0.65561	0.51625	0.33472	0.83841	0.58799	0.43851	0.66826	0.56513	0.43104	0.6333	0.23621	0.1981	0.51883	0.34776	-0.21558	0.43009	0.17814	0.78338	0.69861	-0.14348	0.51051	0.020143	0.37473	0.49856	0.4632	0.20907	0.18943	0.066054	0.85541	0.39385	0.028965	0.56662	-0.029237	0.48791	-0.15289	0.30531	0.51798	-0.20169
0.033767	-0.34675	-0.15101	-0.19466	-0.47291	-0.23852	-0.10012	0.13702	-0.47869	-0.072678	0.084429	-0.3313	0.19029	-0.41921	-0.21761	-0.31356	-0.24955	0.20031	-0.36602	-0.13683	-0.24147	-0.31674	-0.26884	-0.16409	-0.29923	1.0011	-0.14155	-0.23309	-0.2065	-0.40722	-0.010363	0.52248	-0.31776	-0.21253	-0.41687	-0.19803	-0.17889	-0.27465	-0.44739	-0.2738	-0.32976	-0.31392	-0.21945	-0.35126	0.19859	-0.2575	-0.38737	-0.37014	-0.3838	0.28892	-0.12788	-0.27234	-0.28726	-0.26201	-0.52088	-0.19988	-0.4061	-0.40032	-0.46626	-0.0038485	-0.13135	-0.16558	0.019385	-0.15271	-0.30385	-0.46337	-0.3431	-0.11079	-0.48592	-0.23765	-0.23195	-0.31532	-0.29453	-0.24875	-0.36068	-0.24828	-0.18173	-0.3509	-0.32653	-0.18409	-0.19649	-0.25173	-0.26751	-0.44236	-0.21769	-0.32812	-0.32504	-0.37435	-0.41152	-0.37848	-0.2407	-0.17085	0.063313	-0.22458	-0.21112	-0.37211	-0.42643	-0.28617	-0.24914	-0.22971	-0.42826	-0.2368	-0.19213	-0.21842	-0.23196	-0.36501	-0.26289	0.2026	0.013741	-0.27904	-0.40016	-0.22924	-0.049626	-0.33666	-0.28196	-0.24321	-0.36338	-0.3279	-0.2781	-0.091752	-0.17863	-0.21447	-0.2472	0.02327	-0.45542	-0.069799	-0.25366	0.39415	-0.3344	-0.35152	-0.14937
0.75506	0.18801	0.58293	-0.17591	0.5757	0.3961	0.59664	0.42654	0.34158	0.59818	0.15114	-0.44719	0.74583	0.092642	0.49796	0.25272	0.62237	0.25766	0.010211	0.54835	0.21528	0.60905	0.59307	0.3197	0.011603	-0.14155	0.99563	0.51445	-0.33232	0.543	0.74427	0.17121	0.58988	0.45513	0.33413	0.59327	0.51423	0.34183	0.24597	0.4009	0.43037	0.75207	0.49903	0.0079648	-0.16192	0.65978	0.1863	0.057377	-0.039821	-0.23967	0.50719	0.53395	0.55524	0.59905	0.42367	0.50877	-0.055519	0.48012	0.61213	0.32435	0.43858	0.38872	-0.21558	0.24807	0.33519	0.0015838	0.0064834	0.73191	0.12417	0.36257	0.04635	0.62529	0.47294	-0.21122	0.35719	0.2584	0.43016	0.080363	-0.29493	0.57569	0.57422	0.49367	0.44456	0.31256	-0.26161	0.42791	-0.030927	0.11501	0.55554	0.085485	-0.053824	0.60159	0.06279	0.44808	0.071613	0.38845	0.32653	0.47068	0.48047	0.43405	0.45988	0.52891	0.4624	0.61453	-0.076656	0.24676	0.62866	0.16473	0.4081	-0.2962	0.24294	0.45134	0.35016	0.58037	0.47893	0.7418	0.46758	0.51702	0.44591	0.28827	0.57022	0.25854	0.74381	-0.080605	0.52128	0.50827	0.57578	-0.28045	0.30443	0.17806	0.027114
0.73675	0.19775	0.31086	-0.085851	0.60493	0.28536	0.39296	0.3305	0.24332	0.65824	0.34128	-0.14274	0.23323	0.17917	0.29373	0.22259	0.38982	0.16502	0.097187	0.67053	0.24714	0.11637	0.36838	0.27655	0.34905	-0.23309	0.51445	1.001	-0.077438	0.6653	0.59111	0.019099	0.54029	0.35525	0.47498	0.48654	0.53964	0.084265	0.14657	0.25648	0.34995	0.62768	0.41572	0.16222	-0.089611	0.57824	0.21205	0.16966	-0.083446	-0.19586	0.62806	0.52107	0.66088	0.42746	0.52639	0.57871	0.085845	0.27987	0.62528	0.5474	0.45271	0.41282	-0.22222	0.26298	0.20186	0.17273	0.1005	0.49279	0.13747	0.47061	-0.018037	0.56652	0.33684	-0.019887	0.067669	0.17411	0.36587	-0.094349	0.017881	0.50216	0.58486	0.54291	-0.047543	0.027446	-0.04456	0.45031	-0.018377	0.30064	0.3102	0.0036938	0.075054	0.15311	0.074452	0.47594	0.1862	0.090527	0.42142	0.41969	0.38538	0.41112	0.33758	0.33247	0.4776	0.66176	-0.087307	0.28169	0.58971	0.3255	0.29004	-0.1041	0.2976	0.51846	0.21026	0.43236	0.1865	0.6216	0.35238	0.54313	0.22339	0.081586	0.41964	0.4455	0.62366	-0.19309	0.52932	0.030773	0.46949	-0.12792	0.36769	0.1498	-0.090963
-0.3273	0.039321	-0.13894	0.48226	0.039942	-0.0024661	-0.099408	-0.26619	0.35072	-0.28116	-0.2466	0.91667	-0.36824	0.48058	-0.062887	-0.16971	-0.05968	-0.23266	0.010193	-0.23993	-0.0050782	0.068811	-0.10778	-0.037452	0.30247	-0.2065	-0.33232	-0.077438	1.014	0.092668	-0.23923	0.06433	-0.12015	0.019528	0.24502	-0.11977	-0.10903	0.22481	0.050302	0.24716	-0.031094	-0.20599	0.016059	0.19997	-0.0035422	-0.13989	-0.10965	0.20513	0.24039	-0.086229	-0.18723	-0.0020231	0.19532	-0.077962	-0.032478	-0.13712	0.65874	0.078594	-0.10029	-0.1468	-0.17698	-0.13774	-0.082522	-0.11831	0.089873	0.51373	0.5191	-0.14178	0.38508	0.037342	0.017511	-0.15938	-0.12514	0.59726	0.28365	0.17255	-0.059527	0.50245	0.82874	-0.065812	-0.0675	-0.097956	0.095752	0.10321	0.86225	-0.034781	0.34909	0.011356	0.052676	0.35559	0.014442	-0.15825	-0.12728	-0.0956	-0.045434	0.29387	0.21722	-0.072638	0.0015059	-0.0057368	0.057881	-0.09811	0.032289	-0.19242	0.58819	0.35698	-0.18516	-0.16529	-0.092531	0.88638	0.17128	-0.093521	-0.015589	0.049419	-0.09814	-0.19204	-0.13066	-0.11121	-0.17225	0.044191	0.1191	-0.057863	-0.14455	0.10526	0.039558	-0.1176	-0.016186	-0.10959	-0.039996	0.39476	-0.19626
0.66239	0.3308	0.39003	-0.129	0.92942	0.35783	0.47736	0.44055	0.49278	0.5509	0.32523	0.10496	0.20365	0.3896	0.35006	0.10932	0.39242	0.025596	0.45352	0.54444	0.68355	0.39636	0.63225	0.68079	0.56371	-0.40722	0.543	0.6653	0.092668	1.0058	0.57317	-0.067156	0.70702	0.67046	0.3887	0.80677	0.64073	0.37854	0.67749	0.4863	0.64624	0.70202	0.65063	0.57983	-0.29528	0.59643	0.50857	0.62079	-0.0012592	-0.21763	0.68766	0.63662	0.61956	0.69374	0.54753	0.66198	0.23222	0.65395	0.70894	0.13823	0.68603	0.11496	-0.054747	0.37325	0.41444	0.39489	0.35219	0.54511	0.48915	0.55555	0.35035	0.70051	0.21274	0.11421	0.61896	0.22628	0.3975	0.21039	0.28942	0.66477	0.89371	0.71986	0.26164	0.376	0.13714	0.71445	0.15662	0.57266	0.64971	0.38149	0.47472	0.42205	0.21078	0.54521	0.60272	0.54777	0.7191	0.75047	0.5104	0.69568	0.62219	0.5784	0.58735	0.68578	0.07923	0.74246	0.70779	0.20644	0.46073	0.074003	0.69511	0.59834	0.37536	0.61919	0.58623	0.65429	0.71668	0.76103	0.33587	0.22887	0.3476	0.5556	0.83085	-0.14442	0.86936	0.29911	0.54347	-0.27096	0.49031	0.30726	-0.18662
0.71324	0.061516	0.44477	-0.43702	0.49612	0.30683	0.50413	0.30487	0.24649	0.64268	0.30282	-0.31634	0.50098	0.0081479	0.43585	0.23099	0.40204	0.097886	-0.031756	0.52354	0.17236	0.36974	0.26453	0.29118	0.096818	-0.010363	0.74427	0.59111	-0.23923	0.57317	0.99434	0.26727	0.42219	0.17662	0.22384	0.4722	0.28242	0.17238	0.25146	0.15586	0.46355	0.5248	0.21237	0.075011	-0.28032	0.39661	0.042183	0.10942	-0.11149	-0.070117	0.50396	0.19937	0.44339	0.28875	0.28657	0.35601	-0.10532	0.47191	0.47324	0.4137	0.35048	0.25176	-0.15256	0.38995	0.22635	-0.14732	0.013719	0.88954	-0.090603	0.17974	0.10291	0.41733	0.14636	-0.32283	0.15533	-0.054593	0.28204	-0.24949	-0.17689	0.28854	0.6226	0.32379	-0.0097982	0.085812	-0.24841	0.25393	-0.11507	0.14192	0.24879	0.10022	0.13993	0.45139	0.20352	0.26756	0.10374	0.27299	0.13343	0.27566	0.52299	0.23775	0.067369	0.28137	0.21661	0.5358	-0.30218	0.10846	0.52722	0.39986	0.46192	-0.309	0.16296	0.29726	0.46321	0.24249	0.30796	0.54161	0.35511	0.50508	0.37055	0.14799	0.33591	0.2156	0.65101	-0.21846	0.36841	0.36998	0.29792	-0.28863	0.38246	-0.094712	-0.27832
0.18366	-0.32937	-0.077218	-0.20249	-0.10187	-0.18086	-0.067656	0.12243	-0.2358	0.019602	-0.04732	-0.10718	0.28511	-0.24716	-0.21395	-0.18737	-0.030783	-0.17058	-0.24714	-0.19165	-0.19304	-0.24274	-0.10817	-0.025053	0.00202	0.52248	0.17121	0.019099	0.06433	-0.067156	0.26727	1.0113	-0.058369	-0.074873	-0.35765	0.10457	0.020229	-0.24771	-0.26613	-0.00601	-0.013484	0.052264	-0.013627	-0.17713	0.13595	0.14342	-0.30012	-0.18902	-0.29254	0.4556	0.23549	0.0035522	-0.12822	-0.057163	-0.34765	0.049616	-0.24	-0.21315	-0.23899	-0.11632	0.13665	-0.0097528	-0.1802	0.01584	-0.31165	-0.33258	-0.040856	0.12802	-0.22277	-0.0030812	-0.19615	0.0078463	-0.097301	-0.17819	-0.11559	-0.16021	-0.0035608	-0.12703	-0.088908	0.06341	0.05193	0.002633	-0.081788	-0.35467	0.033223	-0.070455	-0.30555	-0.21991	-0.14464	-0.13595	-0.11193	0.025039	0.22679	-0.0074955	-0.16853	-0.13917	-0.065918	-0.11836	-0.064215	-0.043089	-0.15802	-0.054854	0.062712	-0.033507	-0.18177	-0.091662	0.008046	0.24774	0.35266	-0.083967	-0.17082	0.035319	0.192	-0.011148	-0.19682	0.071319	-0.19036	0.041098	-0.16942	0.090397	-0.096229	-0.042624	-0.057004	-0.22573	-0.086987	0.010221	0.08772	0.23655	-0.28345	-0.2159	-0.28599
0.57228	-0.044265	0.077762	-0.20812	0.85	0.041962	0.14934	0.29786	0.21346	0.63152	0.12069	-0.19455	0.27693	0.087541	0.10173	0.036474	0.099137	-0.041518	0.16953	0.51001	0.4003	0.30315	0.76384	0.34898	0.23302	-0.31776	0.58988	0.54029	-0.12015	0.70702	0.42219	-0.058369	1.0042	0.59671	0.22235	0.74979	0.66338	0.052022	0.3815	0.2789	0.74558	0.83667	0.58836	0.19116	-0.23454	0.73816	0.55417	0.18397	0.24434	-0.088922	0.70225	0.64727	0.4022	0.77387	0.44057	0.72282	-0.059229	0.66439	0.71052	-0.052331	0.69208	0.089268	-0.14311	0.58305	0.097993	0.10695	0.38472	0.45206	0.25119	0.51896	0.12547	0.87957	0.11403	-0.049284	0.39395	-0.072684	0.27654	-0.034236	-0.066855	0.65894	0.75033	0.7358	0.31383	0.43139	-0.0083723	0.61706	-0.19506	0.1499	0.65022	0.35569	0.067592	0.61381	0.41507	0.62894	0.24834	0.32199	0.53132	0.69606	0.19607	0.60986	0.46136	0.69944	0.54933	0.80546	-0.04552	0.57008	0.88027	0.36687	0.11542	0.00030874	0.50186	0.60929	0.49942	0.73596	0.71478	0.77704	0.77997	0.83326	0.13468	0.20166	0.22514	0.3799	0.78064	-0.3696	0.77326	0.6535	0.64299	-0.1821	0.29451	0.16216	-0.24975
0.53374	0.30762	0.2249	-0.13933	0.73295	0.24144	0.35166	0.60203	0.2744	0.33593	0.33626	0.019241	0.26212	0.28295	0.16476	-0.14962	0.24667	-0.0327	0.44412	0.2272	0.77077	0.16538	0.90253	0.76968	0.48834	-0.21253	0.45513	0.35525	0.019528	0.67046	0.17662	-0.074873	0.59671	0.99555	0.16303	0.86981	0.86028	0.24398	0.56675	0.35405	0.30036	0.70952	0.94926	0.4953	-0.19734	0.68075	0.59679	0.56015	-0.12978	-0.15745	0.6459	0.83888	0.3381	0.93744	0.25058	0.76609	0.028157	0.36491	0.37198	-0.094447	0.77601	-0.10395	0.0071444	0.0058303	0.32406	0.26077	0.0020256	0.22285	0.54823	0.73058	0.29206	0.69548	0.074424	0.019073	0.73519	0.25889	0.4149	0.26197	0.19118	0.90281	0.65259	0.83546	0.54493	0.41475	0.013441	0.84197	0.052024	0.4089	0.73613	0.30665	0.26404	0.53176	-0.023859	0.71163	0.61609	0.36762	0.76387	0.94806	0.22252	0.95064	0.75055	0.84513	0.84512	0.66282	0.022183	0.78008	0.61215	-0.12897	0.24674	0.058213	0.7272	0.72868	-0.0020626	0.79075	0.63647	0.59082	0.73159	0.48312	0.19766	0.52	0.097905	0.61641	0.65707	-0.14968	0.76294	0.30503	0.69712	-0.21781	0.065368	0.46018	-0.23784
0.2581	0.4055	0.42472	0.50549	0.3535	0.49007	0.46265	0.0053772	0.67854	0.20838	-0.033483	0.1992	0.14037	0.48344	0.4602	0.25578	0.51515	0.23048	-0.026223	0.39769	0.062612	0.58443	0.16717	0.041518	0.076317	-0.41687	0.33413	0.47498	0.24502	0.3887	0.22384	-0.35765	0.22235	0.16303	0.99859	0.085648	0.18543	0.58706	0.060024	0.47566	0.22622	0.23159	0.20639	0.012693	-0.16236	0.20776	0.045163	-0.005761	0.47528	-0.37246	0.019964	0.27966	0.61145	0.17773	0.63976	0.16143	0.62769	0.40569	0.5636	0.42338	0.039286	0.23436	-0.23196	0.038382	0.43485	0.65741	0.48688	0.26874	0.27676	0.16772	-0.16819	0.22422	0.34395	0.51913	0.18951	0.55068	0.29075	0.29712	0.16746	0.22082	0.19649	0.1539	0.15874	0.29202	0.41232	0.1012	0.28364	0.1612	0.31291	0.0094685	-0.1643	0.023509	-0.11648	0.14013	-0.063075	0.40713	0.2344	0.15165	0.22229	0.11636	0.3107	0.083054	0.21449	0.20881	0.48436	0.27745	0.20221	-0.070557	0.041584	0.30531	0.14176	0.11974	0.1174	0.27355	0.16179	0.27773	0.051245	0.18409	0.31786	-0.061085	0.5915	0.08222	0.39212	0.20109	0.28827	-0.047548	0.21608	-0.4148	0.53133	0.39323	0.31321
0.70211	0.26708	0.27298	-0.30382	0.84255	0.25339	0.3844	0.47337	0.28922	0.41149	0.2541	-0.11056	0.26602	0.27647	0.2654	-0.092808	0.32424	-0.050647	0.46596	0.26584	0.71527	0.23464	0.85796	0.75942	0.58353	-0.19803	0.59327	0.48654	-0.11977	0.80677	0.4722	0.10457	0.74979	0.86981	0.085648	1.0007	0.85887	0.21026	0.65746	0.3685	0.51859	0.83162	0.86701	0.55381	-0.21963	0.78779	0.54058	0.58684	-0.11317	-0.099042	0.80084	0.80823	0.33007	0.9077	0.36097	0.84492	-0.056433	0.53699	0.46291	-0.10124	0.8645	-0.13777	-0.042031	0.23648	0.27493	0.17726	0.079584	0.45837	0.46362	0.73092	0.35407	0.82752	0.032088	-0.11628	0.65177	0.12017	0.47003	0.058877	0.10707	0.87072	0.84756	0.9118	0.35996	0.39527	-0.11839	0.89003	-0.022893	0.51141	0.72929	0.37337	0.40344	0.62102	0.19389	0.77619	0.61163	0.36503	0.77916	0.92976	0.37839	0.91596	0.66068	0.84034	0.80481	0.71887	-0.127	0.71332	0.7918	0.067871	0.45222	-0.11881	0.74286	0.82033	0.2823	0.79632	0.63674	0.74271	0.84935	0.76904	0.26709	0.45444	0.11923	0.70691	0.79964	-0.29855	0.83343	0.47389	0.74617	-0.20953	0.28508	0.31241	-0.34304
