0.99298	0.37101	0.59888	-0.19989	0.62386	0.50675	0.66033	0.57423	0.31546	0.62955	0.41583	-0.37738	0.51287	0.19472	0.54203	0.15772	0.55727	0.36124	0.15769	0.53436	0.34122	0.27481	0.51852	0.4567	0.31446	0.035422	0.75319	0.73204	-0.32674	0.65346	0.71385	0.18728	0.56426	0.53354	0.25641	0.69773	0.69484	0.26031	0.30353	0.3748	0.3519	0.68904	0.60463	0.21952	0.094139	0.66008	0.19767	0.22476	-0.32936	-0.25137	0.68047	0.59065	0.46908	0.57815	0.44993	0.69252	-0.022297	0.3101	0.47203	0.22243	0.59858	0.18857	-0.097115	0.17686	0.43224	-0.012071	-0.10878	0.62542	0.14993	0.58657	0.057602	0.60868	0.21692	-0.16152	0.22572	0.18519	0.58634	-0.16191	-0.15122	0.6655	0.6825	0.65772	0.023106	0.066775	-0.32201	0.53495	-0.058483	0.29877	0.35818	-0.087998	0.08338	0.36139	0.042528	0.60493	0.24042	0.18014	0.41166	0.5679	0.45749	0.59098	0.34946	0.49615	0.62384	0.66413	-0.2168	0.24518	0.64838	0.2501	0.54797	-0.32148	0.36033	0.63394	0.24695	0.5028	0.27057	0.69354	0.44253	0.55832	0.3289	0.38224	0.54751	0.7949	-0.14325	0.55692	0.19924	0.55899	-0.11602	0.35232	0.14309	-0.067382
0.37101	0.99729	0.79186	0.37851	0.25324	0.90456	0.74433	0.17705	0.71572	-0.1722	0.089487	0.21026	-0.12365	0.72146	0.80579	0.41322	0.72295	0.44345	0.40722	-0.061556	0.26657	0.41276	0.17186	0.29923	0.49097	-0.34461	0.18851	0.19847	0.042639	0.32906	0.061355	-0.32286	-0.046106	0.30432	0.40666	0.26292	0.36474	0.732	0.51786	0.55483	-0.10206	0.16395	0.4185	0.57304	0.24361	0.2431	0.0010981	0.5206	-0.1353	-0.46017	0.090817	0.35358	0.18719	0.22858	0.5777	0.30151	0.56391	0.14165	0.20551	0.036384	0.14608	-0.11016	0.34499	-0.34386	0.80987	0.50489	-0.083484	0.10052	0.59487	0.45337	0.35635	0.11875	0.26342	0.30869	0.3627	0.69891	0.61197	0.36599	0.27755	0.33295	0.12014	0.32379	0.046225	0.33157	-0.042029	0.38101	0.65369	0.61821	0.27357	0.011974	0.22126	-0.0020781	-0.38979	0.35076	0.22301	0.34596	0.45938	0.29884	0.40677	0.38979	0.40995	0.21045	0.42341	-0.005746	0.26055	0.13296	0.090585	-0.45996	0.56439	0.047813	0.39247	0.40812	-0.20657	0.25988	-0.038694	0.22061	0.13309	0.12009	0.28698	0.3747	0.46611	0.31581	0.49948	0.30946	-0.23614	0.29132	-0.26859	0.55786	0.48919	0.29045
0.59888	0.79186	0.99527	0.18724	0.29581	0.90908	0.91244	0.3627	0.63586	0.19621	0.24832	-0.094803	0.37078	0.46002	0.8684	0.60067	0.83952	0.61546	0.1819	0.29489	0.16475	0.59193	0.16327	0.23993	0.21747	-0.14891	0.57917	0.30572	-0.13473	0.38246	0.44043	-0.073563	0.072507	0.22011	0.42496	0.26475	0.28795	0.72006	0.39999	0.54042	0.096633	0.26284	0.31301	0.30934	0.13694	0.24993	-0.11174	0.29765	-0.23633	-0.42691	0.17603	0.28598	0.37742	0.2145	0.6041	0.23559	0.33617	0.26056	0.41063	0.2376	0.11239	0.26083	0.23391	-0.08632	0.75354	0.27701	-0.10217	0.41813	0.33298	0.25612	0.23532	0.17053	0.49285	0.035761	0.31287	0.58958	0.53112	0.29737	-0.027049	0.29382	0.25762	0.23561	0.16605	0.22624	-0.1968	0.22506	0.49646	0.38006	0.23535	-0.10135	0.088091	0.10925	-0.21228	0.24196	0.082493	0.4637	0.2658	0.20646	0.60587	0.25962	0.32814	0.13315	0.29755	0.18189	0.13252	0.033696	0.21498	-0.11703	0.67438	-0.15606	0.16622	0.25526	0.081066	0.20869	0.063538	0.37298	0.10481	0.17626	0.16443	0.59106	0.28693	0.47821	0.49503	0.29815	-0.041949	0.22991	-0.29018	0.56098	0.2966	0.22741
-0.19989	0.37851	0.18724	1.0066	-0.13362	0.27769	0.062864	-0.28878	0.43312	-0.49258	-0.49701	0.54869	-0.27721	0.65873	0.19441	0.002285	0.37815	0.20278	0.018302	-0.18844	-0.26658	0.3691	-0.22216	-0.24913	0.055374	-0.19821	-0.17571	-0.085662	0.49043	-0.1231	-0.43938	-0.20269	-0.20579	-0.14351	0.50988	-0.30633	-0.15684	0.53907	-0.15257	0.54028	-0.27865	-0.22925	-0.063583	-0.028289	0.295	-0.099993	-0.22184	-0.0067639	0.36226	-0.43737	-0.45635	0.010971	0.28031	-0.19914	0.28494	-0.20474	0.74754	-0.045228	0.022771	-0.023789	-0.39584	0.024095	-0.054539	-0.36923	0.29235	0.72203	0.39849	-0.34027	0.47919	0.052135	-0.14609	-0.21765	0.23859	0.77113	0.040798	0.60363	0.058439	0.61783	0.47133	-0.12299	-0.3177	-0.22725	0.10553	0.20464	0.57142	-0.18377	0.57747	0.085417	0.0032501	-0.055411	-0.20909	-0.31923	-0.40492	-0.13797	-0.28421	0.2258	0.084134	-0.26054	-0.13872	-0.18851	0.17804	-0.23842	-0.029274	-0.44428	0.82401	-0.0024288	-0.33284	-0.43756	-0.054679	0.48557	-0.011642	-0.12761	-0.1678	0.030821	-0.29939	-0.19193	-0.37542	-0.21083	-0.069725	0.54119	-0.093196	-0.21753	0.42513	-0.074495	-0.25375	0.009769	-0.0411	0.13203	0.52312	0.47402
0.62386	0.25324	0.29581	-0.13362	0.99209	0.26856	0.36257	0.42305	0.46581	0.544	0.28149	0.049021	0.22047	0.33777	0.26967	0.15142	0.29468	-0.022302	0.34388	0.50554	0.60272	0.35779	0.7636	0.59401	0.53054	-0.47106	0.57277	0.60128	0.042752	0.91778	0.4944	-0.098872	0.84058	0.72642	0.35176	0.83241	0.72624	0.31668	0.63758	0.52191	0.67959	0.8235	0.72705	0.52511	-0.34395	0.71934	0.54273	0.54239	0.13258	-0.15696	0.75359	0.72702	0.52187	0.7966	0.55364	0.76399	0.1656	0.67517	0.75123	0.0058362	0.75121	0.12454	0.0019607	0.44145	0.36765	0.32212	0.39983	0.52446	0.53335	0.62058	0.35291	0.84011	0.20839	0.12661	0.62363	0.17264	0.41067	0.20512	0.20607	0.73123	0.84003	0.79293	0.36577	0.49636	0.13738	0.75652	0.079325	0.46327	0.72333	0.41594	0.31682	0.5415	0.24346	0.67624	0.47356	0.55724	0.75196	0.80772	0.37418	0.75936	0.66625	0.69719	0.66733	0.78516	0.096135	0.7405	0.79888	0.23833	0.36536	0.087766	0.72647	0.68259	0.35274	0.76594	0.6333	0.75081	0.79469	0.81634	0.26823	0.3033	0.57206	0.82687	-0.17599	0.94741	0.44107	0.67333	-0.34929	0.36309	0.34887	-0.23802
0.50675	0.90456	0.90908	0.27769	0.26856	0.99999	0.88339	0.23	0.70985	0.066307	0.14089	0.072065	0.091364	0.58578	0.88333	0.53419	0.77766	0.49472	0.27034	0.12217	0.18896	0.52698	0.16051	0.22399	0.30154	-0.23873	0.39634	0.28602	0.0019637	0.35555	0.30636	-0.17528	0.040681	0.23887	0.4906	0.24866	0.3078	0.71983	0.42594	0.50289	0.023576	0.19908	0.34515	0.40023	0.26637	0.23248	-0.026392	0.33104	-0.1109	-0.49206	0.088446	0.27521	0.26809	0.2079	0.58516	0.24551	0.48483	0.24899	0.30528	0.12969	0.087471	-0.017271	0.31991	-0.18939	0.75013	0.37301	-0.039056	0.31604	0.39423	0.30936	0.2786	0.1275	0.26613	0.18309	0.32868	0.61009	0.55893	0.25206	0.093842	0.29681	0.17319	0.2578	0.064638	0.28313	-0.064059	0.25294	0.51029	0.41433	0.2371	-0.033517	0.072501	0.097458	-0.29747	0.27763	0.078134	0.41603	0.29975	0.2309	0.49919	0.30393	0.26683	0.1751	0.33829	0.091268	0.18433	0.077838	0.16877	-0.30585	0.64866	0.053338	0.22475	0.30196	0.0038252	0.20892	0.049643	0.28177	0.10593	0.13625	0.18883	0.46536	0.30662	0.41414	0.48237	0.27659	-0.095286	0.23569	-0.23233	0.61598	0.36343	0.23095
0.66033	0.74433	0.91244	0.062864	0.36257	0.88339	1.0056	0.38406	0.65705	0.26336	0.29828	-0.12921	0.3505	0.40754	0.87404	0.44061	0.80442	0.62653	0.17773	0.31909	0.2687	0.58531	0.28743	0.3403	0.30492	-0.098953	0.59617	0.38629	-0.093679	0.47145	0.50095	-0.063976	0.14362	0.35042	0.4666	0.37852	0.40094	0.66188	0.4358	0.52871	0.077855	0.35128	0.4341	0.39468	0.11641	0.34153	-0.03218	0.31669	-0.2138	-0.40314	0.26321	0.36976	0.38316	0.32647	0.56587	0.34454	0.30931	0.31478	0.39007	0.25306	0.24146	0.12668	0.15331	-0.16327	0.70628	0.24765	-0.11223	0.51065	0.24245	0.32367	0.27213	0.2367	0.33682	0.077971	0.37934	0.57944	0.60521	0.16475	-0.022109	0.40777	0.37066	0.36002	0.12074	0.24336	-0.11366	0.35905	0.29819	0.38356	0.35389	0.012647	0.11343	0.22911	-0.25661	0.34815	0.17857	0.45701	0.35748	0.3549	0.6631	0.39831	0.36053	0.28707	0.41667	0.27746	0.11553	0.17527	0.27892	-0.13728	0.62754	-0.069269	0.27177	0.38033	-0.0049494	0.29118	0.12831	0.40437	0.23221	0.22234	0.18974	0.51953	0.37184	0.6153	0.39659	0.3471	0.0070075	0.30685	-0.25251	0.58341	0.29945	0.17232
0.57423	0.17705	0.3627	-0.28878	0.42305	0.23	0.38406	0.96812	-0.03172	0.52197	0.74346	-0.26482	0.53548	-0.14477	0.077153	0.14406	0.16515	0.1676	0.19767	0.464	0.55787	-0.051292	0.45168	0.59712	0.071186	0.13147	0.41812	0.32598	-0.26346	0.42361	0.30414	0.12105	0.28469	0.58393	0.0046399	0.45671	0.46523	0.088228	0.232	0.12853	0.1206	0.37184	0.50586	0.18198	-0.16382	0.27327	0.37056	0.25329	-0.41084	0.015056	0.49138	0.37337	0.24239	0.47946	0.002223	0.417	-0.24442	0.0016114	0.28356	0.068483	0.47729	0.27445	0.13585	-0.029477	0.25858	-0.14616	-0.30748	0.22755	0.14792	0.30725	0.14844	0.28535	0.17154	-0.24065	0.35615	0.08676	0.16835	0.080524	-0.13023	0.49198	0.43285	0.38564	0.29	-0.0016832	-0.25134	0.35297	-0.094265	0.15562	0.22106	-0.12418	0.13158	0.22545	-0.046795	0.28319	0.4463	0.18075	0.23648	0.49585	0.17601	0.49848	0.34682	0.38929	0.42482	0.53945	-0.23493	0.29159	0.29849	0.17677	0.28634	-0.2666	0.28571	0.27939	-0.09855	0.25273	0.36822	0.29461	0.27979	0.095417	0.24182	0.081924	0.22713	0.41223	-0.020964	0.40864	-0.024122	0.2082	-0.18973	-0.10879	0.022147	-0.17349
0.31546	0.71572	0.63586	0.43312	0.46581	0.70985	0.65705	-0.03172	0.99871	-0.0167	-0.098491	0.35639	-0.020586	0.77029	0.7693	0.30507	0.62931	0.33069	0.10904	0.048431	0.10144	0.66001	0.26306	0.12515	0.44546	-0.47349	0.34022	0.24071	0.35135	0.487	0.24237	-0.23141	0.21124	0.26806	0.67699	0.28124	0.362	0.81053	0.4607	0.71891	0.21579	0.33504	0.40755	0.43135	0.074069	0.39371	-0.062695	0.34314	0.21487	-0.31651	0.17843	0.41586	0.35021	0.29581	0.69244	0.37006	0.81101	0.47536	0.42163	0.070005	0.24118	-0.031028	-0.010868	-0.062969	0.83736	0.63724	0.39901	0.35267	0.53537	0.45505	0.13928	0.32372	0.2944	0.57449	0.41859	0.65039	0.70601	0.39	0.38858	0.3641	0.27218	0.36411	0.11381	0.48792	0.35769	0.37602	0.52486	0.43411	0.48805	0.24076	0.03691	0.18898	-0.16369	0.39479	0.021276	0.55502	0.52874	0.31905	0.35504	0.34337	0.43527	0.29181	0.44805	0.15981	0.45794	0.32194	0.2813	-0.2055	0.37278	0.35397	0.46436	0.43468	0.01028	0.45788	0.098694	0.40926	0.22804	0.34772	0.31618	0.5081	0.38028	0.55	0.32744	0.43873	0.028432	0.45514	-0.39969	0.63711	0.52567	0.29595
0.62955	-0.1722	0.19621	-0.49258	0.544	0.066307	0.26336	0.52197	-0.0167	0.99346	0.56252	-0.43508	0.58673	-0.32915	0.075099	0.21422	0.012605	0.10674	-0.10284	0.79853	0.23671	0.071652	0.41544	0.19409	-0.14245	-0.071185	0.59664	0.65484	-0.2822	0.54156	0.64441	0.022179	0.62499	0.33482	0.20478	0.40677	0.40453	-0.16766	0.04732	-0.08482	0.60147	0.5395	0.28706	-0.17606	-0.18942	0.37752	0.31669	-0.12409	-0.15716	-0.027352	0.58253	0.31609	0.44479	0.43368	0.24554	0.41935	-0.28625	0.30828	0.59041	0.36091	0.44141	0.45317	-0.15757	0.59649	0.056866	-0.30493	0.03285	0.52426	-0.23742	0.19535	-0.16909	0.52257	0.22586	-0.38691	0.031715	-0.22458	0.14323	-0.28622	-0.34907	0.40359	0.57026	0.38714	0.073559	-0.11186	-0.26103	0.20087	-0.34878	-0.17127	0.19024	-0.118	-0.11951	0.28452	0.39005	0.25927	0.10296	0.071719	0.058826	0.37515	0.25184	0.2825	0.08771	0.29763	0.25426	0.81521	-0.40339	0.22123	0.64284	0.63276	0.096709	-0.22507	0.031736	0.21546	0.43697	0.26457	0.46762	0.55677	0.3674	0.44667	0.084864	0.1583	0.07379	0.62918	-0.3089	0.42594	0.25625	0.23216	-0.049508	0.13647	-0.23131	-0.19775
0.41583	0.089487	0.24832	-0.49701	0.28149	0.14089	0.29828	0.74346	-0.098491	0.56252	1.0045	-0.20642	0.33077	-0.29008	0.047104	0.31104	-0.026388	0.073033	0.20923	0.49521	0.48332	-0.28212	0.20884	0.48206	0.064672	0.086557	0.15399	0.3365	-0.24987	0.32032	0.30582	-0.045844	0.1168	0.34132	-0.035156	0.25363	0.25435	-0.076533	0.27374	-0.19055	0.14604	0.13953	0.25717	0.19619	-0.24866	0.0023747	0.30709	0.24238	-0.45647	0.16428	0.47443	0.10834	0.050471	0.22012	0.017261	0.21629	-0.31141	-0.053779	0.21878	0.10179	0.38075	0.32052	0.14287	0.098179	0.18558	-0.29698	-0.38447	0.18022	-0.055857	0.11887	0.14812	0.088578	0.045714	-0.4041	0.11352	-0.21234	0.04669	-0.20657	-0.10543	0.2415	0.34134	0.21393	-0.06894	-0.19041	-0.35286	0.20421	-0.14841	0.13096	-0.042328	-0.1294	0.25502	0.041846	0.071551	0.080323	0.43774	0.020614	0.044951	0.32219	0.14723	0.30186	0.022443	0.15983	0.16476	0.51403	-0.43603	0.14435	0.16919	0.41297	0.1501	-0.25111	0.10224	0.10725	-0.11654	-0.035912	0.17262	0.071239	0.20607	0.026543	0.14858	-0.17023	0.17374	0.28617	-0.12095	0.21641	-0.17725	-0.049571	-0.15698	0.0044429	-0.2609	-0.31381
-0.37738	0.21026	-0.094803	0.54869	0.049021	0.072065	-0.12921	-0.26482	0.35639	-0.43508	-0.20642	1.0132	-0.56431	0.62934	-0.021169	-0.10148	-0.0078965	-0.32966	0.26939	-0.33484	0.11222	0.05548	-0.15055	0.08504	0.38835	-0.33136	-0.44583	-0.13744	0.92531	0.10813	-0.3184	-0.10858	-0.18621	0.013626	0.19343	-0.11417	-0.15683	0.33254	0.24222	0.24741	-0.078585	-0.27589	0.00081616	0.37136	-0.047923	-0.22236	0.0010759	0.43246	0.23756	-0.14577	-0.23814	-0.065368	0.12755	-0.11817	-0.00061006	-0.17992	0.69685	0.082968	-0.1092	-0.23081	-0.20562	-0.22321	0.076369	-0.18957	0.17308	0.61773	0.43952	-0.22621	0.58958	0.064825	0.20496	-0.22829	-0.17012	0.58718	0.34341	0.1851	-0.1198	0.57326	0.94084	-0.12871	-0.080193	-0.12568	0.069855	0.21491	0.75485	0.0032881	0.55508	0.23038	0.034862	0.40491	0.23303	-0.17767	-0.20433	-0.13038	0.10253	0.34578	0.24785	-0.063249	-0.041177	0.0080356	0.091918	-0.11028	-0.017526	-0.29534	0.58459	0.33164	-0.26673	-0.28432	-0.049424	0.78428	0.26615	-0.098531	-0.080282	-0.0069604	-0.096422	-0.29611	-0.092488	-0.11853	0.099207	0.092875	0.0047116	-0.22937	0.15555	0.067053	-0.16653	-0.076188	-0.18139	0.049894	0.42605	-0.20541
0.51287	-0.12365	0.37078	-0.27721	0.22047	0.091364	0.3505	0.53548	-0.020586	0.58673	0.33077	-0.56431	0.99685	-0.33934	0.14516	0.1331	0.29512	0.26842	-0.2498	0.49181	0.074967	0.29749	0.30091	0.16918	-0.32987	0.1921	0.74665	0.23082	-0.37027	0.19789	0.50675	0.28735	0.27148	0.26198	0.14326	0.26359	0.2571	0.0038229	-0.13664	0.10511	0.26595	0.36441	0.22602	-0.34935	-0.19087	0.27415	-0.0089851	-0.2509	-0.17637	-0.0072997	0.30893	0.26008	0.33943	0.30798	0.079448	0.20818	-0.27675	0.069331	0.30314	0.23953	0.25387	0.51904	-0.28965	0.23327	0.08158	-0.30219	-0.11928	0.46228	-0.2367	0.050709	-0.28394	0.29309	0.41853	-0.32798	0.084777	0.039776	0.17138	-0.037057	-0.47385	0.33567	0.2816	0.1626	0.35091	-0.16583	-0.30382	0.039325	-0.29691	-0.25636	0.13048	-0.30922	-0.24505	0.22289	0.15507	0.10359	-0.027141	0.12599	-0.052251	0.18029	0.2873	0.14059	0.17509	0.15452	0.18657	0.44823	-0.19517	0.033673	0.3083	0.33331	0.16318	-0.37229	-0.12182	0.052016	0.26237	0.19651	0.24972	0.39436	0.077466	0.1327	0.10737	0.32465	-0.046737	0.3942	-0.11024	0.1735	0.18312	0.19856	-0.14625	-0.089265	-0.1591	0.06146
0.19472	0.72146	0.46002	0.65873	0.33777	0.58578	0.40754	-0.14477	0.77029	-0.32915	-0.29008	0.62934	-0.33934	1.0096	0.60581	0.038279	0.60672	0.11948	0.39896	-0.17297	0.18815	0.51735	0.18516	0.24122	0.61134	-0.41881	0.091127	0.17884	0.48693	0.38791	0.0039069	-0.24644	0.086623	0.27614	0.48258	0.26885	0.28865	0.78446	0.4905	0.66537	-0.0016956	0.18474	0.37865	0.54728	0.15258	0.27069	0.019791	0.57472	0.14081	-0.48154	-0.0057047	0.36572	0.38444	0.23188	0.5396	0.27038	0.8288	0.35126	0.18969	-0.026295	0.070501	-0.21187	0.021167	-0.26798	0.66193	0.81628	0.30651	0.11091	0.7902	0.49157	0.26891	0.18371	0.12195	0.60368	0.46653	0.59349	0.46191	0.54574	0.7041	0.25769	0.18851	0.30934	0.15241	0.51053	0.39013	0.38991	0.7215	0.59588	0.39731	0.34599	0.24496	0.094271	-0.3657	0.38089	0.15292	0.50634	0.57444	0.27609	0.29097	0.35721	0.46843	0.23746	0.41237	-0.078671	0.58874	0.31832	0.11143	-0.47956	0.2769	0.40731	0.56992	0.40318	-0.070315	0.3966	0.021275	0.22588	0.20317	0.21844	0.32976	0.49766	0.48977	0.28185	0.29019	0.35239	0.0070171	0.36845	-0.26748	0.49627	0.74093	0.14965
0.54203	0.80579	0.8684	0.19441	0.26967	0.88333	0.87404	0.077153	0.7693	0.075099	0.047104	-0.021169	0.14516	0.60581	1.0006	0.44142	0.80044	0.56148	0.16623	0.14164	0.086417	0.65698	0.18191	0.14627	0.31083	-0.21375	0.49774	0.29048	-0.05896	0.34775	0.43547	-0.2037	0.098714	0.16316	0.46299	0.26196	0.29078	0.75187	0.45689	0.50905	0.05166	0.28542	0.29384	0.37628	0.2241	0.31019	-0.12477	0.29704	-0.12864	-0.45429	0.12005	0.26866	0.30476	0.20614	0.62417	0.2869	0.48076	0.3523	0.30783	0.2167	0.11458	0.014434	0.13052	-0.1525	0.79329	0.33407	-0.070644	0.50371	0.29387	0.32761	0.25511	0.19652	0.29948	0.15053	0.28898	0.53035	0.67163	0.12453	0.067201	0.26305	0.24516	0.282	0.013589	0.34686	-0.14898	0.3009	0.46941	0.43128	0.31812	0.07768	0.091248	0.2136	-0.28379	0.34274	0.028006	0.42004	0.31437	0.22517	0.57994	0.26885	0.26707	0.23174	0.32549	0.12794	0.12683	0.0041663	0.23548	-0.22956	0.52522	-0.058002	0.27401	0.37611	0.0098834	0.26567	0.033375	0.38207	0.19907	0.2358	0.26977	0.5152	0.37224	0.53099	0.40586	0.24206	0.076199	0.3166	-0.28126	0.70398	0.34842	0.2736
0.15772	0.41322	0.60067	0.002285	0.15142	0.53419	0.44061	0.14406	0.30507	0.21422	0.31104	-0.10148	0.1331	0.038279	0.44142	0.99419	0.36723	0.3515	-0.0027439	0.37113	-0.070822	0.21811	-0.048421	-0.12533	0.0047266	-0.31366	0.25289	0.22159	-0.16836	0.11045	0.23181	-0.18184	0.037144	-0.15062	0.2534	-0.093852	-0.063001	0.29856	0.223	0.20038	0.13047	0.11449	-0.079653	0.15634	-0.079006	0.020009	-0.094966	0.063462	0.05138	-0.14257	0.10838	-0.02391	0.085067	-0.054182	0.47645	-0.026911	0.05086	0.20117	0.50373	0.22918	-0.10431	0.53416	0.45071	0.15886	0.3544	0.016448	-0.035013	0.24731	0.11559	-0.13195	0.32129	0.053136	0.53733	-0.12961	0.040534	0.22238	0.11022	0.17432	-0.21303	-0.062308	-0.0095797	-0.049352	0.081566	0.20682	-0.16696	-0.024448	0.37272	0.15708	0.051445	-0.0034194	0.0029832	0.010241	-0.022274	-0.033893	-0.13557	0.29046	0.019322	-0.094176	0.30521	-0.089941	0.068229	-0.078436	-0.099048	0.17111	0.0013921	-0.1458	0.11187	0.13814	0.4528	-0.12624	-0.12408	-0.031664	0.072315	-0.0008327	0.00063618	0.17657	0.0055179	0.11602	-0.23116	0.31873	-0.060692	0.11308	0.44529	0.15669	-0.030922	-0.0056956	-0.24243	0.38277	-0.043463	0.056141
0.55727	0.72295	0.83952	0.37815	0.29468	0.77766	0.80442	0.16515	0.62931	0.012605	-0.026388	-0.0078965	0.29512	0.60672	0.80044	0.36723	0.99487	0.48202	0.3156	0.23183	0.16964	0.68709	0.2107	0.30548	0.32387	-0.25052	0.61897	0.38439	-0.052853	0.39007	0.39814	-0.030739	0.095112	0.24592	0.51574	0.31877	0.2852	0.73922	0.37981	0.64269	-0.045006	0.33966	0.35026	0.34152	0.12578	0.35958	-0.042177	0.35308	-0.058138	-0.56047	0.10009	0.36199	0.51094	0.24877	0.61151	0.23388	0.4027	0.29384	0.37243	0.27409	0.063378	0.24379	-0.056395	-0.26682	0.60226	0.48669	-0.058418	0.41898	0.42497	0.30608	0.22245	0.19377	0.50016	0.18387	0.36345	0.67661	0.49003	0.358	0.11419	0.32451	0.28856	0.25723	0.25699	0.32947	-0.055348	0.34615	0.48066	0.51798	0.38271	0.081527	0.19814	0.20517	-0.41175	0.2797	0.14616	0.4695	0.40603	0.23421	0.62369	0.28674	0.47918	0.21943	0.34866	0.061851	0.32863	0.13584	0.14989	-0.33206	0.56535	-0.085926	0.28565	0.34621	-0.021192	0.33437	0.024629	0.35443	0.15454	0.20752	0.15139	0.74138	0.37161	0.43513	0.33608	0.30525	0.044198	0.36761	-0.25433	0.53515	0.43785	0.30067
0.36124	0.44345	0.61546	0.20278	-0.022302	0.49472	0.62653	0.1676	0.33069	0.10674	0.073033	-0.32966	0.26842	0.11948	0.56148	0.3515	0.48202	0.99893	-0.26621	0.29785	-0.21002	0.31894	-0.043524	-0.19538	0.063136	0.19471	0.26026	0.16198	-0.22896	0.026308	0.099554	-0.16356	-0.043662	-0.033158	0.24065	-0.051765	0.15464	0.36074	-0.051927	0.44583	-0.17914	0.1001	0.090086	0.033663	0.29653	0.15488	-0.43713	-0.085479	-0.23417	-0.34292	0.022411	0.18203	0.22827	-0.0032334	0.44399	0.12481	0.11477	-0.00049759	0.21439	0.32482	-0.047357	0.32068	0.20772	-0.15034	0.5035	0.075017	-0.1719	0.10736	-0.057274	0.11229	-0.009599	0.049958	0.50078	0.13146	-0.13042	0.52794	0.45073	0.07978	-0.29005	0.12536	-0.0014125	0.076063	-0.091415	-0.03094	-0.16248	0.023762	0.24445	0.092125	0.039906	-0.32345	-0.19687	-0.17645	-0.20092	0.13335	-0.18752	0.051427	0.087937	-0.029536	0.38924	0.016398	0.14903	-0.066914	0.14808	0.032433	0.19135	-0.17161	0.057046	0.0037293	0.31835	-0.23956	-0.080564	0.14864	-0.14365	0.071697	-0.2472	0.22945	-0.15866	0.025994	-0.15131	0.48433	0.15751	0.28443	0.58775	0.033707	-0.19183	0.13413	-0.020878	0.28125	0.12724	0.43097
0.15769	0.40722	0.1819	0.018302	0.34388	0.27034	0.17773	0.19767	0.10904	-0.10284	0.20923	0.26939	-0.2498	0.39896	0.16623	-0.0027439	0.3156	-0.26621	1.0016	0.0407	0.77163	0.10393	0.31543	0.75583	0.45822	-0.36838	0.0091717	0.095731	0.010021	0.44751	-0.034992	-0.2508	0.16311	0.44202	-0.028212	0.46024	0.18808	0.28013	0.75564	0.033815	0.065905	0.10468	0.33025	0.67994	-0.0281	0.040465	0.70552	0.75922	-0.10486	-0.34612	0.091549	0.16455	0.072385	0.32259	0.15478	0.12465	0.05359	0.27246	0.090551	-0.28909	0.2009	-0.24413	0.060588	-0.14813	0.14511	0.38137	-0.15186	-0.031737	0.49019	0.19201	0.55594	0.07272	-0.14231	-0.11449	0.582	0.029633	-0.04828	0.18911	0.38503	0.22149	0.43013	0.28533	0.2159	0.34411	-0.11203	0.51654	0.27041	0.72329	0.33426	0.49026	0.81406	0.27828	-0.22063	0.14799	0.813	0.30989	0.43091	0.46863	0.29412	0.44258	0.37577	0.35086	0.18449	0.023465	-0.0043755	0.48408	0.053972	-0.37071	0.22934	0.045489	0.54024	0.24087	-0.06524	0.15829	0.3789	-0.041392	0.52109	0.17434	0.14486	-0.029121	0.37801	0.15798	-0.14296	0.33583	0.14109	0.074498	0.023464	0.29418	0.17856	-0.15412
0.53436	-0.061556	0.29489	-0.18844	0.50554	0.12217	0.31909	0.464	0.048431	0.79853	0.49521	-0.33484	0.49181	-0.17297	0.14164	0.37113	0.23183	0.29785	0.0407	0.99914	0.29123	0.24233	0.31805	0.23594	-0.081998	-0.13769	0.54729	0.66842	-0.23812	0.54079	0.52504	-0.18853	0.50758	0.22815	0.39862	0.26393	0.19576	0.082	0.12009	0.11096	0.41062	0.42712	0.15906	-0.022251	-0.27276	0.22302	0.3422	0.0041732	-0.022885	-0.27319	0.34976	0.21621	0.63411	0.30255	0.37462	0.20736	-0.18346	0.37783	0.70632	0.5128	0.19778	0.66417	-0.11841	0.42354	0.1022	0.017347	0.082555	0.46641	-0.090554	-0.017166	0.054548	0.35409	0.45212	-0.19449	0.11736	-0.0013476	-0.011126	-0.031855	-0.26361	0.23699	0.54111	0.20761	0.20146	0.088118	-0.10862	0.18571	-0.10307	0.084304	0.25364	0.035043	0.081679	0.21719	0.12003	0.084426	0.21232	0.2387	0.10338	0.26593	0.35232	0.16131	0.22971	0.18119	0.081367	0.6157	-0.086816	0.27224	0.41726	0.46577	0.099939	-0.17589	0.060577	0.078582	0.27003	0.20242	0.38879	0.40108	0.32365	0.32698	-0.25812	0.43335	0.031967	0.52068	-0.048745	0.40743	0.243	0.13433	-0.12406	0.22215	-0.069489	0.0073691
0.34122	0.26657	0.16475	-0.26658	0.60272	0.18896	0.2687	0.55787	0.10144	0.23671	0.48332	0.11222	0.074967	0.18815	0.086417	-0.070822	0.16964	-0.21002	0.77163	0.29123	0.98933	0.088911	0.62518	0.94598	0.45976	-0.2379	0.213	0.24485	-0.0019402	0.6679	0.17099	-0.1897	0.38957	0.76223	0.060033	0.70388	0.46372	0.21501	0.7494	0.076484	0.26405	0.35985	0.59977	0.6697	-0.35194	0.23161	0.78333	0.73895	-0.14724	-0.14726	0.40191	0.41534	0.23557	0.63112	0.10346	0.39556	-0.079138	0.38134	0.27328	-0.12758	0.53913	-0.15941	0.077853	0.016176	0.1633	0.28468	-0.064559	0.18335	0.4299	0.3049	0.53984	0.33975	-0.10446	-0.13956	0.76103	0.02678	0.043584	0.17299	0.26035	0.51391	0.66362	0.53299	0.41125	0.37406	-0.043867	0.68255	0.049197	0.61457	0.52593	0.46613	0.70605	0.42926	-0.032776	0.34716	0.92946	0.39652	0.56267	0.76359	0.33022	0.71302	0.53107	0.58559	0.42696	0.41828	-0.10107	0.73721	0.32943	-0.13386	0.23034	0.031423	0.67216	0.38377	0.0073908	0.37141	0.64859	0.20993	0.71361	0.29692	0.18481	-0.084319	0.45783	0.44038	-0.16213	0.57645	0.23948	0.24264	-0.20456	0.18498	0.23246	-0.31946
0.27481	0.41276	0.59193	0.3691	0.35779	0.52698	0.58531	-0.051292	0.66001	0.071652	-0.28212	0.05548	0.29749	0.51735	0.65698	0.21811	0.68709	0.31894	0.10393	0.24233	0.088911	1.0014	0.2762	0.12472	0.021652	-0.32278	0.61273	0.11902	0.076161	0.39988	0.37208	-0.2349	0.29876	0.16598	0.59545	0.23362	0.10838	0.73851	0.34461	0.59364	0.30943	0.32478	0.19247	0.13572	-0.15534	0.25674	0.033455	0.16073	0.36608	-0.46645	-0.050471	0.22971	0.55371	0.26374	0.56563	0.10393	0.48548	0.6231	0.52632	0.20691	0.0085139	0.13043	-0.12405	0.054402	0.49761	0.49703	0.3607	0.50487	0.33859	0.11166	0.17389	0.26896	0.39877	0.31548	0.45862	0.52209	0.29645	0.42495	0.11041	0.18152	0.31104	0.14391	0.42271	0.55257	0.17409	0.17394	0.39283	0.23147	0.51417	0.285	0.036034	0.38567	-0.10811	0.14064	-0.010594	0.66786	0.26024	0.17817	0.47155	0.12921	0.41676	0.22647	0.12984	0.097361	0.488	0.24126	0.26433	-0.17904	0.23329	0.10259	0.24058	0.12654	0.30121	0.35152	0.35779	0.36079	0.27313	0.31875	0.097223	0.75726	0.057121	0.49167	0.28016	0.32229	0.43399	0.26728	-0.37333	0.57581	0.41755	0.30268
0.51852	0.17186	0.16327	-0.22216	0.7636	0.16051	0.28743	0.45168	0.26306	0.41544	0.20884	-0.15055	0.30091	0.18516	0.18191	-0.048421	0.2107	-0.043524	0.31543	0.31805	0.62518	0.2762	1.0031	0.60431	0.37369	-0.26814	0.59521	0.36648	-0.11139	0.62598	0.26577	-0.10909	0.76044	0.91055	0.16242	0.86027	0.83292	0.19757	0.52527	0.32406	0.41882	0.85434	0.89044	0.3915	-0.24272	0.78167	0.61994	0.39903	0.035435	-0.1291	0.66445	0.84125	0.31437	0.98278	0.31016	0.79429	-0.063297	0.49113	0.49398	-0.047064	0.77481	-0.032577	-0.04702	0.1432	0.26075	0.15558	0.059652	0.36642	0.44797	0.66558	0.31416	0.83118	0.13535	-0.055993	0.66921	0.15569	0.41297	0.16457	0.00089514	0.86337	0.65811	0.85344	0.58932	0.55381	-0.05478	0.84912	-0.039425	0.31148	0.84181	0.42591	0.1445	0.71305	0.055902	0.76779	0.44746	0.3667	0.71774	0.92638	0.16932	0.8962	0.73385	0.93829	0.79586	0.75769	-0.034029	0.70436	0.74798	-0.051066	0.16039	-0.013658	0.6645	0.75742	0.090908	0.89004	0.71791	0.72895	0.86269	0.60492	0.47356	0.14932	0.55377	0.71741	-0.22111	0.76801	0.59519	0.77296	-0.21523	0.13941	0.39985	-0.21144
0.4567	0.29923	0.23993	-0.24913	0.59401	0.22399	0.3403	0.59712	0.12515	0.19409	0.48206	0.08504	0.16918	0.24122	0.14627	-0.12533	0.30548	-0.19538	0.75583	0.23594	0.94598	0.12472	0.60431	0.99687	0.50801	-0.16231	0.31997	0.27581	-0.03727	0.67088	0.29091	-0.025887	0.34182	0.76913	0.039475	0.75414	0.5012	0.26523	0.72804	0.16978	0.20707	0.39764	0.64203	0.66705	-0.34376	0.29411	0.68027	0.76405	-0.21797	-0.13917	0.45202	0.44774	0.26508	0.62236	0.093844	0.4309	-0.071514	0.33006	0.22038	-0.12412	0.56883	-0.14008	-0.0045913	-0.072408	0.20433	0.25655	-0.12828	0.2785	0.46577	0.38205	0.51139	0.33842	-0.091138	-0.13651	0.74044	0.075626	0.12132	0.16747	0.2899	0.55204	0.68867	0.55159	0.37986	0.31961	-0.084314	0.701	0.050506	0.64934	0.50369	0.41189	0.71978	0.4452	-0.099681	0.38462	0.90559	0.40024	0.57849	0.75311	0.38274	0.73543	0.546	0.58589	0.48739	0.38978	-0.08892	0.68492	0.30703	-0.14527	0.32492	-0.055233	0.68546	0.44401	-0.015457	0.39317	0.54295	0.23635	0.66655	0.30442	0.28614	-0.0028817	0.53441	0.46241	-0.21149	0.56801	0.21601	0.30448	-0.25286	0.15656	0.25903	-0.3317
0.31446	0.49097	0.21747	0.055374	0.53054	0.30154	0.30492	0.071186	0.44546	-0.14245	0.064672	0.38835	-0.32987	0.61134	0.31083	0.0047266	0.32387	0.063136	0.45822	-0.081998	0.45976	0.021652	0.37369	0.50801	1.0054	-0.30062	0.014122	0.3548	0.30357	0.56537	0.097767	0.0033146	0.23717	0.4885	0.072984	0.58426	0.55568	0.31812	0.63883	0.51172	0.082843	0.41021	0.5736	0.86301	-0.016431	0.46551	0.13905	0.79454	-0.14595	-0.11259	0.48294	0.57904	0.18116	0.4341	0.45114	0.58311	0.32605	0.27385	0.15927	-0.10582	0.49897	-0.1792	0.11332	-0.14825	0.38568	0.4728	0.11404	0.13957	0.62788	0.6017	0.516	0.42988	0.023069	0.29496	0.47154	0.30482	0.4839	0.23386	0.53951	0.4655	0.44869	0.65476	0.033442	0.30024	0.23215	0.73892	0.32528	0.77123	0.45332	0.44414	0.56329	0.11254	-0.13995	0.66556	0.51544	0.32562	0.84049	0.58592	0.44077	0.6701	0.56414	0.43053	0.63334	0.23704	0.20062	0.51723	0.35188	-0.21195	0.42913	0.18108	0.78599	0.69906	-0.1441	0.50888	0.023182	0.37687	0.50424	0.46046	0.19167	0.072134	0.86808	0.39496	0.029075	0.56671	-0.02819	0.4829	-0.15335	0.31011	0.52407	-0.20299
0.035422	-0.34461	-0.14891	-0.19821	-0.47106	-0.23873	-0.098953	0.13147	-0.47349	-0.071185	0.086557	-0.33136	0.1921	-0.41881	-0.21375	-0.31366	-0.25052	0.19471	-0.36838	-0.13769	-0.2379	-0.32278	-0.26814	-0.16231	-0.30062	0.99334	-0.14053	-0.23505	-0.20573	-0.40567	-0.0070844	0.52049	-0.32016	-0.20996	-0.41385	-0.19515	-0.17796	-0.27791	-0.44616	-0.2769	-0.32841	-0.3108	-0.21839	-0.35261	0.19287	-0.25438	-0.38659	-0.37366	-0.38633	0.28601	-0.12535	-0.27213	-0.28671	-0.26032	-0.52077	-0.19861	-0.40786	-0.39387	-0.46592	-0.0021003	-0.12886	-0.16556	0.019508	-0.1531	-0.30585	-0.45901	-0.34105	-0.10462	-0.48613	-0.23565	-0.23361	-0.31521	-0.29566	-0.24796	-0.35622	-0.25358	-0.17895	-0.35625	-0.32733	-0.17942	-0.1957	-0.25083	-0.26579	-0.43812	-0.21738	-0.3263	-0.32418	-0.3783	-0.40773	-0.38004	-0.23963	-0.1695	0.060505	-0.22617	-0.20865	-0.3747	-0.42542	-0.2831	-0.25759	-0.22811	-0.42876	-0.23471	-0.19128	-0.2152	-0.23611	-0.36051	-0.26177	0.18806	0.015131	-0.27764	-0.40342	-0.22753	-0.046983	-0.3344	-0.27829	-0.24389	-0.36447	-0.32483	-0.091148	-0.19702	-0.21685	-0.24556	0.017431	-0.45334	-0.077934	-0.24756	0.39537	-0.33854	-0.3369	-0.15334
0.75319	0.18851	0.57917	-0.17571	0.57277	0.39634	0.59617	0.41812	0.34022	0.59664	0.15399	-0.44583	0.74665	0.091127	0.49774	0.25289	0.61897	0.26026	0.0091717	0.54729	0.213	0.61273	0.59521	0.31997	0.014122	-0.14053	0.99462	0.51221	-0.331	0.53841	0.74459	0.17133	0.58409	0.45928	0.3358	0.5918	0.51316	0.34216	0.24759	0.40235	0.4257	0.74687	0.50193	0.0087291	-0.16337	0.65312	0.18267	0.055458	-0.042468	-0.23764	0.50308	0.5349	0.55258	0.59885	0.43237	0.50575	-0.059226	0.47811	0.61156	0.32591	0.43721	0.38979	-0.21394	0.24602	0.33349	-0.002376	0.0068215	0.74401	0.11826	0.35893	0.048676	0.62193	0.4776	-0.20346	0.3607	0.26002	0.43016	0.072862	-0.29378	0.57314	0.57575	0.49301	0.44365	0.31056	-0.25911	0.4274	-0.033395	0.11675	0.55599	0.083418	-0.052702	0.59881	0.059704	0.45195	0.070908	0.39589	0.32643	0.47265	0.48018	0.43776	0.46242	0.52665	0.46185	0.61044	-0.073946	0.25122	0.6231	0.16325	0.40762	-0.29889	0.23976	0.44908	0.34701	0.57991	0.46877	0.7381	0.46756	0.51499	0.28859	0.57333	0.26392	0.73632	-0.078752	0.51777	0.5098	0.57049	-0.28094	0.3021	0.1827	0.029438
0.73204	0.19847	0.30572	-0.085662	0.60128	0.28602	0.38629	0.32598	0.24071	0.65484	0.3365	-0.13744	0.23082	0.17884	0.29048	0.22159	0.38439	0.16198	0.095731	0.66842	0.24485	0.11902	0.36648	0.27581	0.3548	-0.23505	0.51221	0.99986	-0.06954	0.66257	0.59229	0.024632	0.53668	0.35388	0.47005	0.48307	0.53558	0.08175	0.14376	0.25581	0.34673	0.62257	0.41388	0.16516	-0.086863	0.57211	0.21203	0.16774	-0.082485	-0.19298	0.62074	0.51909	0.66112	0.42394	0.52531	0.57363	0.088487	0.27603	0.62252	0.551	0.44861	0.41238	-0.22009	0.26199	0.20086	0.16729	0.10421	0.50274	0.13424	0.46446	-0.014495	0.56204	0.34107	-0.01112	0.068018	0.17613	0.36672	-0.096382	0.023508	0.49638	0.58075	0.54111	-0.048294	0.026199	-0.03776	0.44906	-0.02014	0.30565	0.30933	0.0075557	0.077882	0.15303	0.071887	0.4781	0.18449	0.089148	0.42131	0.41602	0.38761	0.41009	0.33473	0.32956	0.47414	0.65208	-0.081826	0.28411	0.58418	0.32042	0.29088	-0.097452	0.2993	0.51502	0.20774	0.42972	0.18139	0.61965	0.34959	0.53677	0.080259	0.42317	0.45071	0.61404	-0.19346	0.52421	0.030853	0.46423	-0.1298	0.35956	0.1569	-0.086694
-0.32674	0.042639	-0.13473	0.49043	0.042752	0.0019637	-0.093679	-0.26346	0.35135	-0.2822	-0.24987	0.92531	-0.37027	0.48693	-0.05896	-0.16836	-0.052853	-0.22896	0.010021	-0.23812	-0.0019402	0.076161	-0.11139	-0.03727	0.30357	-0.20573	-0.331	-0.06954	1.0298	0.098089	-0.24058	0.065213	-0.10814	0.014814	0.24323	-0.12209	-0.10982	0.22202	0.051381	0.25216	-0.031369	-0.20647	0.012707	0.20633	-0.0049884	-0.14062	-0.10715	0.21353	0.2479	-0.085326	-0.18796	-0.0044318	0.20632	-0.081381	-0.038658	-0.13651	0.68032	0.073822	-0.099078	-0.14849	-0.17718	-0.13871	-0.082422	-0.11904	0.095113	0.52368	0.53003	-0.14622	0.39476	0.036406	0.02321	-0.16004	-0.12817	0.60557	0.2856	0.17609	-0.058134	0.51688	0.84115	-0.071111	-0.081562	-0.10083	0.090522	0.11302	0.87289	-0.036938	0.34513	0.0080892	0.047343	0.36427	0.01181	-0.1592	-0.12675	-0.097513	-0.04642	0.28987	0.21935	-0.078843	0.0080618	-0.0099066	0.044574	-0.099075	0.02943	-0.1932	0.60235	0.34935	-0.18451	-0.15999	-0.09759	0.91522	0.18169	-0.094033	-0.015064	0.043771	-0.098905	-0.19487	-0.13055	-0.1193	0.040679	0.13297	-0.057938	-0.13797	0.11172	0.038939	-0.11763	-0.019599	-0.1097	-0.02967	0.39872	-0.19975
0.65346	0.32906	0.38246	-0.1231	0.91778	0.35555	0.47145	0.42361	0.487	0.54156	0.32032	0.10813	0.19789	0.38791	0.34775	0.11045	0.39007	0.026308	0.44751	0.54079	0.6679	0.39988	0.62598	0.67088	0.56537	-0.40567	0.53841	0.66257	0.098089	0.99169	0.56907	-0.064385	0.69677	0.6619	0.38702	0.79399	0.63235	0.37536	0.6688	0.48765	0.63855	0.69242	0.64374	0.57845	-0.2995	0.58622	0.49933	0.61544	0.0032971	-0.21398	0.6759	0.63125	0.61849	0.68294	0.54705	0.65049	0.23678	0.64143	0.70346	0.13947	0.67445	0.11666	-0.055459	0.36947	0.41164	0.38431	0.35282	0.5469	0.48548	0.54719	0.3531	0.69294	0.21488	0.12279	0.60785	0.22797	0.39526	0.21078	0.29374	0.65175	0.87965	0.71226	0.25288	0.37048	0.14193	0.7059	0.15269	0.57176	0.63956	0.38125	0.46962	0.41735	0.20604	0.54428	0.58744	0.53984	0.71252	0.73735	0.50601	0.68812	0.61516	0.56714	0.57821	0.67291	0.090902	0.73527	0.69645	0.20863	0.45237	0.079774	0.68764	0.59016	0.36841	0.61202	0.56636	0.64598	0.71037	0.74775	0.22767	0.35741	0.55816	0.81486	-0.14005	0.85858	0.29972	0.53341	-0.27041	0.4863	0.30681	-0.18274
0.71385	0.061355	0.44043	-0.43938	0.4944	0.30636	0.50095	0.30414	0.24237	0.64441	0.30582	-0.3184	0.50675	0.0039069	0.43547	0.23181	0.39814	0.099554	-0.034992	0.52504	0.17099	0.37208	0.26577	0.29091	0.097767	-0.0070844	0.74459	0.59229	-0.24058	0.56907	0.99565	0.26845	0.421	0.17778	0.22246	0.47028	0.28211	0.17139	0.24957	0.15504	0.45992	0.52277	0.21192	0.074505	-0.28425	0.39339	0.040252	0.10547	-0.11535	-0.069335	0.50021	0.20019	0.44393	0.2888	0.29026	0.35616	-0.10919	0.46659	0.47267	0.41647	0.34882	0.25568	-0.15175	0.39043	0.2245	-0.15506	0.01341	0.90532	-0.096823	0.17775	0.10435	0.41617	0.14993	-0.31405	0.15604	-0.060529	0.28362	-0.25957	-0.17703	0.28761	0.62412	0.32398	-0.0062374	0.082365	-0.2488	0.25353	-0.12111	0.14454	0.24774	0.096967	0.1388	0.4491	0.20072	0.27161	0.10264	0.27776	0.1332	0.27538	0.52114	0.23874	0.070477	0.27949	0.21681	0.53412	-0.30394	0.1079	0.52525	0.40035	0.45821	-0.31531	0.16152	0.29621	0.46041	0.24267	0.30322	0.54059	0.35495	0.50241	0.14724	0.33856	0.21822	0.64299	-0.21717	0.36555	0.37086	0.29674	-0.28869	0.37841	-0.093215	-0.27847
0.18728	-0.32286	-0.073563	-0.20269	-0.098872	-0.17528	-0.063976	0.12105	-0.23141	0.022179	-0.045844	-0.10858	0.28735	-0.24644	-0.2037	-0.18184	-0.030739	-0.16356	-0.2508	-0.18853	-0.1897	-0.2349	-0.10909	-0.025887	0.0033146	0.52049	0.17133	0.024632	0.065213	-0.064385	0.26845	0.99687	-0.051918	-0.076042	-0.3552	0.10411	0.020707	-0.24774	-0.26387	-0.0053574	-0.013518	0.053868	-0.016612	-0.17471	0.1396	0.14273	-0.29771	-0.19085	-0.29202	0.44691	0.23529	0.0028493	-0.12259	-0.057587	-0.34246	0.053339	-0.23502	-0.20951	-0.23443	-0.11387	0.1371	-0.0051479	-0.17652	0.016531	-0.30763	-0.33096	-0.037444	0.13763	-0.22614	-0.0031585	-0.1927	0.0088971	-0.092667	-0.16844	-0.11232	-0.16428	0.0025757	-0.1352	-0.085951	0.062135	0.050934	0.003812	-0.083931	-0.34861	0.032417	-0.069452	-0.30694	-0.21835	-0.1446	-0.13563	-0.11166	0.023092	0.22282	-0.0039957	-0.16637	-0.14	-0.064366	-0.11838	-0.059595	-0.043869	-0.16137	-0.054411	0.061104	-0.030106	-0.17909	-0.095528	0.012063	0.24799	0.34895	-0.078364	-0.16648	0.037541	0.19211	-0.012378	-0.19477	0.070612	-0.18889	0.04348	0.085301	-0.096905	-0.040004	-0.051579	-0.22214	-0.087876	0.0086514	0.088542	0.23353	-0.27946	-0.20581	-0.28384
0.56426	-0.046106	0.072507	-0.20579	0.84058	0.040681	0.14362	0.28469	0.21124	0.62499	0.1168	-0.18621	0.27148	0.086623	0.098714	0.037144	0.095112	-0.043662	0.16311	0.50758	0.38957	0.29876	0.76044	0.34182	0.23717	-0.32016	0.58409	0.53668	-0.10814	0.69677	0.421	-0.051918	0.99114	0.5925	0.22032	0.74124	0.65634	0.047786	0.37442	0.27798	0.73759	0.82745	0.58511	0.19007	-0.23335	0.72755	0.54621	0.17876	0.24448	-0.087721	0.69309	0.64332	0.39914	0.76615	0.43905	0.71321	-0.056737	0.65459	0.70214	-0.051118	0.68319	0.091584	-0.14276	0.58064	0.095151	0.10141	0.3851	0.45595	0.24631	0.51034	0.12693	0.87217	0.11624	-0.043492	0.38902	-0.072938	0.27536	-0.035531	-0.06121	0.64934	0.73969	0.7301	0.30665	0.42429	0.0010781	0.61161	-0.19297	0.14791	0.64326	0.35602	0.065622	0.60689	0.40883	0.62985	0.23942	0.31512	0.52759	0.68871	0.19239	0.60692	0.45426	0.69118	0.54376	0.79612	-0.039547	0.57114	0.87052	0.364	0.11627	0.0086757	0.49557	0.60249	0.49457	0.73076	0.69325	0.77013	0.77437	0.82101	0.19893	0.22395	0.38232	0.76601	-0.36678	0.76464	0.65329	0.63387	-0.1816	0.2828	0.16597	-0.25106
0.53354	0.30432	0.22011	-0.14351	0.72642	0.23887	0.35042	0.58393	0.26806	0.33482	0.34132	0.013626	0.26198	0.27614	0.16316	-0.15062	0.24592	-0.033158	0.44202	0.22815	0.76223	0.16598	0.91055	0.76913	0.4885	-0.20996	0.45928	0.35388	0.014814	0.6619	0.17778	-0.076042	0.5925	1.0023	0.15869	0.86996	0.86281	0.2388	0.56441	0.35147	0.29942	0.70773	0.9574	0.49327	-0.20223	0.67636	0.59427	0.55792	-0.13149	-0.15634	0.64506	0.84354	0.33502	0.93945	0.24807	0.75914	0.023423	0.35981	0.37004	-0.095337	0.776	-0.10394	0.0070867	0.0045979	0.32284	0.2474	-0.0004638	0.22631	0.54816	0.72784	0.29629	0.69437	0.076117	0.01889	0.72695	0.25914	0.41485	0.25827	0.18893	0.90199	0.64667	0.83715	0.53793	0.41299	0.0084628	0.84144	0.04845	0.40486	0.73324	0.30412	0.26147	0.53474	-0.023629	0.7157	0.60539	0.35621	0.75897	0.9483	0.21161	0.95723	0.74475	0.84326	0.84319	0.66044	0.024013	0.78376	0.60849	-0.12522	0.24491	0.057601	0.71611	0.72593	-0.0030302	0.79169	0.62138	0.58716	0.73456	0.47926	0.52624	0.09937	0.62655	0.65107	-0.15172	0.75757	0.31236	0.6932	-0.21777	0.061801	0.46433	-0.23778
0.25641	0.40666	0.42496	0.50988	0.35176	0.4906	0.4666	0.0046399	0.67699	0.20478	-0.035156	0.19343	0.14326	0.48258	0.46299	0.2534	0.51574	0.24065	-0.028212	0.39862	0.060033	0.59545	0.16242	0.039475	0.072984	-0.41385	0.3358	0.47005	0.24323	0.38702	0.22246	-0.3552	0.22032	0.15869	1.0001	0.080573	0.18117	0.58841	0.060613	0.48473	0.22291	0.22698	0.20261	0.013832	-0.16518	0.20295	0.041575	-0.0074022	0.48053	-0.36786	0.013953	0.2747	0.61137	0.17151	0.64843	0.15829	0.6329	0.40184	0.56248	0.4214	0.038966	0.23246	-0.23048	0.034125	0.43686	0.65269	0.48798	0.26848	0.26871	0.16178	-0.16947	0.22153	0.34617	0.52534	0.19096	0.5586	0.29429	0.29839	0.1628	0.21268	0.18927	0.14891	0.14982	0.29042	0.41383	0.096597	0.27179	0.16192	0.30962	0.0069001	-0.16528	0.021981	-0.11854	0.13931	-0.063904	0.41348	0.23211	0.14774	0.22929	0.11138	0.30611	0.079526	0.20854	0.20193	0.49699	0.2701	0.19455	-0.066918	0.038778	0.3124	0.14757	0.11638	0.11079	0.26595	0.15334	0.27348	0.047342	0.17748	-0.064791	0.60114	0.085073	0.39304	0.20701	0.28676	-0.049037	0.20773	-0.41255	0.53946	0.38897	0.32988
0.69773	0.26292	0.26475	-0.30633	0.83241	0.24866	0.37852	0.45671	0.28124	0.40677	0.25363	-0.11417	0.26359	0.26885	0.26196	-0.093852	0.31877	-0.051765	0.46024	0.26393	0.70388	0.23362	0.86027	0.75414	0.58426	-0.19515	0.5918	0.48307	-0.12209	0.79399	0.47028	0.10411	0.74124	0.86996	0.080573	0.99523	0.85621	0.20386	0.65089	0.36398	0.51424	0.82573	0.86763	0.55062	-0.22164	0.77928	0.53531	0.57994	-0.11509	-0.097901	0.79469	0.80798	0.32519	0.90441	0.35619	0.83616	-0.062261	0.52809	0.45754	-0.10218	0.85841	-0.13816	-0.04165	0.23458	0.27059	0.16352	0.077602	0.46299	0.45858	0.72418	0.35739	0.82296	0.032509	-0.11241	0.64218	0.11774	0.46886	0.051265	0.10608	0.86504	0.84069	0.90983	0.35413	0.39076	-0.12041	0.88581	-0.027291	0.50812	0.72323	0.37011	0.39914	0.62001	0.19166	0.77976	0.59974	0.35335	0.77242	0.9248	0.36683	0.91665	0.65541	0.83412	0.79987	0.71303	-0.12707	0.71349	0.78601	0.06981	0.44797	-0.12163	0.73054	0.81441	0.27968	0.79373	0.62079	0.73678	0.84905	0.76161	0.45589	0.11775	0.71328	0.78747	-0.29835	0.82457	0.47851	0.73886	-0.20825	0.27643	0.31614	-0.34242
