0.99552	0.39321	0.65391	-0.25086	0.66323	0.47681	0.66292	0.58782	0.30661	0.68325	0.46034	-0.38548	0.55666	0.10115	0.53306	0.16084	0.60193	0.39832	0.24133	0.54496	0.36696	0.33027	0.5162	0.46586	0.22293	-0.026374	0.76038	0.72997	-0.3167	0.70664	0.72646	0.0035068	-0.064451	0.57367	0.30452	0.55581	0.32702	0.69938	0.70347	0.28245	0.33059	0.29291	0.30334	0.69652	0.6245	0.19465	0.08565	0.63956	0.27603	0.22017	-0.32947	-0.23188	0.57384	0.59404	0.46168	0.6013	0.52536	0.52151	-0.044244	0.43801	0.49179	0.30395	0.5046	0.25871	-0.01292	0.25553	0.50441	-0.082801	-0.241	0.65563	0.25274	0.53239	0.13917	0.61276	0.30371	-0.18868	0.20624	0.14763	0.52994	-0.14621	-0.15126	0.67872	0.68317	0.63596	0.13704	0.098282	-0.31398	0.53465	0.056757	0.32746	0.3423	-0.11372	0.12239	0.42848	0.083166	0.51625	0.24378	0.20676	0.42567	0.55476	0.43174	0.58693	0.4213	0.44038	0.63653	0.5962	-0.27313	0.35243	0.66643	0.15702	0.50202	-0.20057	0.42161	0.5805	0.12087	0.53221	0.49473	0.37921	0.66453	0.38527	0.60378	0.40011	0.31596	0.33046	0.49918	0.74678	-0.10928	0.6301	0.2519	0.59164	-0.069882	0.36304	-0.026217
0.39321	1.0038	0.73602	0.37005	0.2515	0.85289	0.70568	0.11278	0.74165	-0.07614	0.029819	0.19507	-0.053588	0.69432	0.82391	0.35676	0.75488	0.50393	0.33456	0.029619	0.24702	0.47397	0.12515	0.27155	0.4378	-0.2485	0.24193	0.2425	0.047344	0.3746	0.12009	-0.2453	-0.28613	0.0015395	-0.199	0.28179	0.37372	0.23618	0.29972	0.78274	0.53547	0.56391	-0.039785	0.22753	0.39128	0.51215	0.21306	0.29267	-0.022186	0.47621	-0.1761	-0.43885	-0.022757	0.34776	0.26692	0.20701	0.44579	0.178	0.59478	0.11469	0.11893	0.088825	0.135	0.0042191	0.29926	-0.29818	0.79766	0.43437	-0.071885	0.11869	0.57416	0.3435	0.33996	0.14708	0.2176	0.36314	0.3867	0.66603	0.61735	0.34752	0.25394	0.30054	0.097439	0.24296	0.10112	0.35718	-0.0489	0.37865	0.67099	0.58926	0.41803	0.011293	0.23849	0.053543	-0.32152	0.26937	0.15268	0.32852	0.41944	0.26455	0.36488	0.33989	0.43662	0.15887	0.41317	0.038116	0.24496	0.19413	0.14225	-0.37274	0.49856	0.047165	0.41355	0.37128	-0.16417	0.23614	0.19847	-0.018392	0.30803	0.10823	0.11792	0.3428	0.3293	0.49017	0.43798	0.23956	0.49694	0.30689	-0.2052	0.2563	-0.24513	0.56684	0.29466
0.65391	0.73602	1.0132	0.14059	0.41183	0.82048	0.91274	0.40665	0.58376	0.39539	0.3042	-0.14098	0.496	0.34454	0.82441	0.49959	0.85061	0.71163	0.14193	0.31584	0.11664	0.63523	0.17593	0.17842	0.1028	-0.053049	0.62277	0.35827	-0.1444	0.46502	0.52176	-0.0055161	-0.083271	0.14283	0.26058	0.25144	0.51077	0.26893	0.39253	0.65579	0.41439	0.46799	0.088569	0.33089	0.32351	0.18125	0.121	0.29574	-0.039766	0.22061	-0.22779	-0.34042	0.26935	0.30212	0.48209	0.27508	0.64339	0.092125	0.3212	0.42771	0.52343	0.41026	0.09433	0.44472	0.24722	0.078141	0.77032	0.14755	-0.1749	0.49201	0.32856	0.20153	0.1237	0.2114	0.5882	0.052695	0.25102	0.48159	0.49578	0.27373	-0.11444	0.40073	0.38142	0.24345	0.3167	0.17189	-0.21928	0.20057	0.58682	0.37358	0.37159	-0.16109	0.045824	0.18525	-0.1345	0.14206	-0.000816	0.49077	0.20643	0.21279	0.57749	0.2383	0.33392	0.057593	0.3252	0.25339	0.069893	0.096597	0.32357	-0.003165	0.5711	-0.13998	0.15947	0.18573	0.010351	0.30688	0.28378	0.2622	0.4566	0.036546	0.27313	0.57187	0.19081	0.61022	0.20647	0.55047	0.47349	0.41098	0.045514	0.3281	-0.21336	0.51722	0.19683
-0.25086	0.37005	0.14059	0.99181	-0.19508	0.31674	0.095657	-0.36059	0.38436	-0.43747	-0.51888	0.55183	-0.29735	0.66806	0.18083	0.029544	0.32711	0.22655	-0.11231	-0.22381	-0.28529	0.32032	-0.27564	-0.30105	0.037595	0.034723	-0.22621	-0.11624	0.45689	-0.15598	-0.44326	-0.27199	-0.16318	-0.25781	-0.26357	-0.168	0.36213	-0.34946	-0.1846	0.50831	-0.10464	0.55552	-0.27927	-0.24852	-0.11078	-0.068912	0.19171	-0.12155	-0.2895	-0.021611	0.25887	-0.40993	-0.45171	-0.048136	0.29563	-0.23355	0.097558	-0.26562	0.74556	-0.084261	-0.063695	-0.0070398	-0.40017	0.058277	-0.073859	-0.35618	0.22134	0.70075	0.49409	-0.36038	0.37794	-0.076298	-0.18801	-0.25409	0.14665	0.7702	0.094618	0.58171	0.053674	0.63194	0.35832	-0.14121	-0.31607	-0.28897	0.13182	0.097069	0.49422	-0.20633	0.57403	0.11122	0.063082	-0.046613	-0.21616	-0.32414	-0.36794	-0.201	-0.28072	0.25733	0.0064136	-0.29852	-0.039976	-0.22647	0.12144	-0.29004	-0.04906	-0.40892	0.81576	-0.054329	-0.36166	-0.39659	-0.023646	0.30358	-0.066327	-0.15818	-0.0075659	-0.041239	-0.16467	-0.24252	-0.18126	-0.3873	-0.26642	-0.063023	-0.051724	0.58207	-0.15285	-0.25424	0.49294	-0.18052	-0.28169	-0.062521	-0.016965	0.05142	0.30737
0.66323	0.2515	0.41183	-0.19508	0.99909	0.25297	0.44699	0.45117	0.39167	0.67981	0.43917	-0.00057383	0.40598	0.212	0.26534	0.1468	0.34214	0.085786	0.38172	0.52031	0.58593	0.37767	0.72408	0.57282	0.38638	-0.39816	0.62009	0.57024	0.005528	0.91714	0.5386	0.16313	-0.030961	0.82626	0.49313	0.71432	0.46107	0.78271	0.78052	0.33828	0.60091	0.41507	0.53433	0.81126	0.71493	0.4281	-0.28487	0.66295	0.51465	0.48453	0.080483	-0.11194	0.72063	0.69624	0.56683	0.79096	0.67003	0.5902	0.060631	0.74242	0.75359	0.18679	0.6181	0.28882	0.10873	0.52521	0.42776	0.17739	0.16648	0.61598	0.55909	0.56528	0.34258	0.80104	0.4088	0.037112	0.56362	0.09414	0.33601	0.16154	0.14472	0.76367	0.86202	0.77476	0.41579	0.43553	0.091526	0.71005	0.15922	0.50643	0.57639	0.31591	0.30685	0.60328	0.22945	0.58831	0.39856	0.55965	0.7089	0.74439	0.42172	0.73305	0.65097	0.62309	0.66669	0.73001	-0.029695	0.74259	0.80283	0.22911	0.28938	0.13637	0.65782	0.59057	0.17963	0.75254	0.80068	0.70015	0.70656	0.67663	0.81945	0.45068	0.22292	0.21193	0.49507	0.86796	-0.17874	0.95651	0.47345	0.70316	-0.28869	0.3754	-0.20498
0.47681	0.85289	0.82048	0.31674	0.25297	1.0092	0.85618	0.21721	0.72857	0.12616	0.12186	0.11054	0.14046	0.58703	0.86411	0.40141	0.74901	0.55578	0.13999	0.091756	0.083379	0.56022	0.05386	0.13563	0.19828	0.0046117	0.34886	0.27128	0.032122	0.36138	0.36763	-0.060837	-0.12109	0.061708	-0.10776	0.15328	0.41261	0.18142	0.24879	0.71017	0.44357	0.49888	0.047698	0.22975	0.28982	0.26616	0.21229	0.27091	-0.11529	0.25451	-0.19617	-0.40248	0.078718	0.21689	0.31993	0.13991	0.45364	0.096144	0.55054	0.21964	0.1954	0.18783	0.07152	0.067394	0.24917	-0.1372	0.7631	0.30863	0.00083557	0.29849	0.35887	0.20148	0.14721	0.1295	0.27155	0.26276	0.29764	0.53335	0.58069	0.20508	0.017491	0.25657	0.20192	0.16252	0.028695	0.21863	-0.084842	0.21132	0.59452	0.3761	0.35978	-0.058212	0.021224	0.12149	-0.22299	0.16582	-0.040479	0.39679	0.24018	0.14846	0.41532	0.18463	0.23624	0.06677	0.30863	0.12728	0.18762	0.078696	0.21925	-0.20857	0.52381	-0.0039795	0.24965	0.25432	0.05507	0.16183	0.12218	0.02135	0.3516	-0.011056	0.13984	0.40642	0.31926	0.56003	0.21601	0.3547	0.47059	0.26432	-0.12157	0.19418	-0.22649	0.5557	0.22341
0.66292	0.70568	0.91274	0.095657	0.44699	0.85618	1.012	0.40689	0.63628	0.40474	0.3472	-0.089346	0.44793	0.39234	0.82296	0.36012	0.81048	0.69243	0.15066	0.30754	0.21219	0.60694	0.24721	0.26954	0.21788	0.047581	0.59783	0.40174	-0.073123	0.53616	0.57285	0.046972	-0.049945	0.21599	0.17092	0.32068	0.52077	0.34689	0.42357	0.64824	0.49719	0.48237	0.089508	0.37909	0.39152	0.27839	0.071334	0.34687	0.033912	0.29139	-0.21846	-0.3289	0.32237	0.34843	0.50107	0.32034	0.60869	0.19429	0.33041	0.45204	0.46228	0.38866	0.18109	0.30015	0.15323	-0.011292	0.73434	0.18682	-0.12764	0.55981	0.25042	0.23963	0.18621	0.24856	0.47761	0.11589	0.35616	0.46936	0.54108	0.16256	-0.07407	0.42782	0.46397	0.33467	0.20383	0.17846	-0.14292	0.32659	0.43932	0.41904	0.43664	-0.022827	0.10035	0.25228	-0.19069	0.23127	0.10433	0.50784	0.29975	0.32821	0.67121	0.33853	0.34331	0.18066	0.39341	0.32876	0.073833	0.21363	0.35654	-0.047639	0.51494	-0.073309	0.26277	0.29163	-0.0081218	0.30804	0.35073	0.2461	0.44694	0.15805	0.30239	0.59818	0.21557	0.56476	0.29601	0.63864	0.38085	0.42141	0.048975	0.34062	-0.21023	0.59313	0.09891
0.58782	0.11278	0.40665	-0.36059	0.45117	0.21721	0.40689	1.0184	-0.056669	0.56811	0.78139	-0.31457	0.6785	-0.24758	0.06209	0.059893	0.18982	0.15563	0.31611	0.42475	0.494	0.0073429	0.43726	0.56903	-0.012116	0.12132	0.50743	0.26305	-0.27	0.4343	0.38617	0.38944	0.24247	0.32682	0.22244	0.52772	0.049954	0.45981	0.42417	0.014382	0.22678	0.014993	0.20837	0.3967	0.45141	0.074373	-0.12746	0.29119	0.41857	0.16782	-0.44508	0.091421	0.58051	0.3943	0.17204	0.44757	0.15384	0.41521	-0.26958	0.15693	0.33065	0.14769	0.50305	0.31533	0.11035	0.094507	0.2029	-0.2772	-0.39116	0.2791	0.10327	0.37271	0.13629	0.3182	0.29288	-0.29495	0.23815	0.005462	0.12666	0.0082179	-0.18543	0.43995	0.4909	0.4473	0.2481	-0.084028	-0.26176	0.31617	-0.069764	0.12916	0.16417	-0.18819	0.098395	0.21021	0.028482	0.25814	0.42264	0.21163	0.22199	0.49406	0.16497	0.45867	0.306	0.30106	0.37289	0.62349	-0.31319	0.27888	0.38308	0.31263	0.23772	-0.15298	0.26572	0.25178	-0.16164	0.27246	0.31562	0.31525	0.27433	0.27583	0.27503	0.15717	0.28287	0.0024124	0.23777	0.47877	-0.066715	0.47283	-0.011149	0.26086	-0.14487	-0.083083	-0.1088
0.30661	0.74165	0.58376	0.38436	0.39167	0.72857	0.63628	-0.056669	1.0063	0.016129	-0.097494	0.30877	-0.016325	0.699	0.78951	0.22879	0.62224	0.4068	0.029362	0.046271	0.0666	0.66891	0.17839	0.092905	0.33942	-0.30714	0.31503	0.24748	0.31685	0.48494	0.26413	-0.15627	-0.16967	0.21455	-0.11581	0.2264	0.58517	0.2264	0.30522	0.81835	0.45378	0.70222	0.17213	0.36178	0.39366	0.37286	0.12584	0.42999	-0.10304	0.26425	0.13003	-0.28741	0.058839	0.36801	0.31849	0.25214	0.50275	0.24036	0.76312	0.2745	0.19581	0.077894	0.22689	-0.0079142	-0.014218	-0.072356	0.83486	0.50835	0.32515	0.30137	0.53409	0.35435	0.11276	0.31734	0.19034	0.58966	0.38023	0.6106	0.73819	0.29611	0.30299	0.3268	0.19468	0.27399	0.074503	0.45736	0.31606	0.3557	0.56152	0.40834	0.56733	0.18358	0.029721	0.24404	-0.12601	0.32216	-0.024027	0.42978	0.47659	0.25945	0.2676	0.26601	0.40355	0.23184	0.42821	0.15571	0.393	0.30508	0.3235	-0.17225	0.29288	0.27838	0.49896	0.41297	0.034999	0.37917	0.23939	0.043994	0.49462	0.13308	0.29414	0.36493	0.37376	0.52818	0.31392	0.38955	0.34744	0.37616	-0.0083995	0.36546	-0.35028	0.58817	0.25079
0.68325	-0.07614	0.39539	-0.43747	0.67981	0.12616	0.40474	0.56811	0.016129	0.99515	0.6404	-0.40691	0.68017	-0.28748	0.11754	0.20695	0.14814	0.21426	0.063412	0.72665	0.29891	0.14667	0.51497	0.25347	-0.1751	-0.10412	0.66037	0.61138	-0.26413	0.63699	0.66127	0.24171	0.026322	0.59822	0.66388	0.44215	0.37739	0.44522	0.58712	-0.083256	0.13444	-0.088282	0.43782	0.56925	0.38468	-0.16255	-0.15321	0.39162	0.42312	-0.05608	-0.13157	-0.012183	0.64612	0.39808	0.51522	0.54179	0.51382	0.39449	-0.25823	0.58474	0.72265	0.47751	0.40732	0.50137	-0.013254	0.64514	0.21942	-0.29455	-0.13734	0.61539	-0.039769	0.27291	-0.10363	0.5427	0.45212	-0.36893	0.049965	-0.19038	0.13075	-0.18508	-0.33775	0.5601	0.71381	0.52319	0.24326	-0.097065	-0.24702	0.24527	-0.12393	0.0096298	0.17863	-0.14681	-0.095521	0.38513	0.32316	0.26352	0.18629	0.20196	0.15577	0.46792	0.3286	0.383	0.17979	0.2818	0.34067	0.75709	-0.40284	0.3124	0.66087	0.46065	0.10002	-0.088639	0.13342	0.21993	0.22023	0.41625	0.47707	0.63234	0.53634	0.33932	0.60432	0.38667	0.10191	0.12232	0.08626	0.76831	-0.24334	0.59889	0.30976	0.40717	-0.047316	0.16912	-0.13472
0.46034	0.029819	0.3042	-0.51888	0.43917	0.12186	0.3472	0.78139	-0.097494	0.6404	0.99121	-0.24102	0.53457	-0.32209	0.013565	0.22803	0.017347	0.10037	0.31154	0.45429	0.46158	-0.18288	0.30208	0.47718	0.037185	-0.013776	0.2904	0.29987	-0.23767	0.40978	0.4031	0.51024	0.23128	0.22824	0.42787	0.35261	0.09142	0.29621	0.33751	-0.093199	0.30581	-0.22996	0.2467	0.25731	0.27125	0.12088	-0.18074	0.10284	0.42738	0.22256	-0.41731	0.2268	0.65142	0.19937	0.1326	0.28303	0.28138	0.29527	-0.31771	0.24678	0.40799	0.21266	0.43303	0.34536	0.14934	0.25899	0.1771	-0.3689	-0.41395	0.29192	-0.039027	0.23794	0.16003	0.19425	0.28974	-0.41658	0.080152	-0.26568	0.01584	-0.21678	-0.1287	0.30456	0.5236	0.38032	-0.0024889	-0.18527	-0.32526	0.23371	-0.10528	0.14665	-0.0065442	-0.14635	0.22304	0.10653	0.10486	0.11423	0.41366	0.1366	0.10503	0.41563	0.22192	0.34568	0.061845	0.14286	0.18112	0.63556	-0.48321	0.20533	0.32423	0.46908	0.10884	-0.12941	0.1355	0.11882	-0.17827	0.077585	0.35674	0.2721	0.14456	0.26975	0.27843	0.27382	0.15391	-0.20102	0.21557	0.51237	-0.18531	0.42251	-0.089139	0.091167	-0.1086	0.079723	-0.19401
-0.38548	0.19507	-0.14098	0.55183	-0.00057383	0.11054	-0.089346	-0.31457	0.30877	-0.40691	-0.24102	1.0098	-0.5162	0.65421	-0.03469	-0.1388	-0.030763	-0.29175	0.18587	-0.3268	0.098993	0.032203	-0.16036	0.070083	0.42141	-0.1035	-0.44559	-0.1825	0.89764	0.045626	-0.31087	-0.10518	-0.040618	-0.15753	-0.15344	-0.036958	0.1038	-0.10962	-0.17148	0.33837	0.24401	0.29813	-0.071294	-0.27427	-0.04751	0.35629	-0.11562	-0.22723	-0.05907	0.42407	0.20844	-0.13622	-0.22298	-0.091857	0.11518	-0.15012	-0.048511	-0.17053	0.6316	0.032325	-0.128	-0.23025	-0.20784	-0.22956	0.074087	-0.1898	0.075109	0.65023	0.50397	-0.21784	0.45701	-0.0097913	0.18361	-0.23465	-0.16171	0.55916	0.41147	0.16051	-0.14596	0.4989	0.85055	-0.15117	-0.090322	-0.14287	0.024569	0.20403	0.71933	0.015886	0.45951	0.2721	0.012662	0.42978	0.24864	-0.18841	-0.19661	-0.12669	0.059234	0.35489	0.22236	-0.080442	0.035276	-0.0020789	0.072007	-0.094773	-0.036046	-0.27903	0.57344	0.2758	-0.27967	-0.24479	-0.025685	0.61132	0.17046	-0.099788	0.029675	-0.07597	0.056134	-0.0924	-0.29344	-0.049005	-0.1603	-0.1399	0.01314	0.11697	0.026655	-0.20077	0.13298	-0.016726	-0.13548	-0.11786	-0.16708	0.071034	-0.21088
0.55666	-0.053588	0.496	-0.29735	0.40598	0.14046	0.44793	0.6785	-0.016325	0.68017	0.53457	-0.5162	1.0072	-0.37384	0.13811	0.20027	0.33738	0.31591	-0.019516	0.44084	0.13261	0.31537	0.37696	0.20659	-0.33217	0.032262	0.75855	0.24814	-0.33223	0.33836	0.5217	0.42709	0.1382	0.31496	0.37609	0.34956	0.2808	0.28154	0.37397	-0.0022294	0.022382	0.020243	0.27014	0.40726	0.28389	-0.29778	-0.14801	0.30483	0.2609	-0.18801	-0.17075	0.012194	0.52681	0.33621	0.35759	0.38118	0.35942	0.27666	-0.2429	0.33347	0.53707	0.3852	0.29137	0.62115	-0.15492	0.33032	0.17856	-0.36957	-0.23676	0.49231	-0.090872	0.16264	-0.19441	0.34201	0.62314	-0.29534	0.0082742	0.038941	0.15988	-0.0050763	-0.44218	0.41243	0.5028	0.33844	0.38869	-0.19442	-0.28247	0.093633	-0.086648	-0.085031	0.19551	-0.33092	-0.20523	0.24517	0.13798	0.11635	0.13083	0.25019	0.026313	0.30914	0.29607	0.22143	0.19579	0.11586	0.22236	0.60081	-0.25662	0.10992	0.39996	0.30744	0.1531	-0.21119	0.011649	0.082541	0.070241	0.31567	0.31615	0.35581	0.3787	0.11579	0.38089	0.38325	0.11685	0.1936	-0.005526	0.57953	-0.078699	0.39009	0.14042	0.30221	-0.12463	-0.054981	-0.019977
0.10115	0.69432	0.34454	0.66806	0.212	0.58703	0.39234	-0.24758	0.699	-0.28748	-0.32209	0.65421	-0.37384	0.99639	0.54806	-0.017119	0.52695	0.14658	0.2599	-0.16315	0.15287	0.43629	0.05279	0.17297	0.55973	-0.11491	-0.012358	0.11599	0.46811	0.29799	-0.023006	-0.28863	-0.21036	0.061528	-0.22752	0.16476	0.3341	0.18414	0.161	0.7629	0.4765	0.64876	-0.0052163	0.11455	0.26136	0.47955	0.048505	0.18649	-0.083013	0.53477	0.075146	-0.44109	-0.15014	0.24408	0.36869	0.1159	0.30021	0.075115	0.7932	0.20061	0.022847	-0.040507	-0.028958	-0.18038	0.016937	-0.25666	0.54073	0.7837	0.36236	0.056979	0.64562	0.27243	0.24709	0.098304	0.023322	0.60932	0.52963	0.51498	0.36132	0.48708	0.60759	0.15237	0.072328	0.13733	0.091967	0.44496	0.34083	0.32881	0.67169	0.57536	0.35017	0.35474	0.25582	0.05801	-0.31326	0.25196	0.059966	0.47572	0.46088	0.1452	0.30677	0.24908	0.38495	0.1573	0.3259	-0.1485	0.57152	0.28824	0.040936	-0.41934	0.21808	0.27594	0.42614	0.30179	0.047239	0.22642	0.21293	-0.010174	0.15814	0.13034	0.077331	0.15929	0.24078	0.52756	0.39293	0.12032	0.30406	0.19695	-0.0055149	0.22639	-0.23426	0.47743	0.079131
0.53306	0.82391	0.82441	0.18083	0.26534	0.86411	0.82296	0.06209	0.78951	0.11754	0.013565	-0.03469	0.13811	0.54806	1.008	0.37896	0.81332	0.63013	0.08696	0.15107	0.033333	0.69821	0.097138	0.087294	0.24218	-0.13231	0.46674	0.31228	-0.061458	0.37579	0.46382	-0.19255	-0.23209	0.11477	-0.07967	0.12969	0.41366	0.22234	0.25571	0.76375	0.48888	0.50646	0.049826	0.31736	0.27919	0.33865	0.22932	0.34293	-0.16552	0.26417	-0.15313	-0.40673	0.033473	0.23152	0.30666	0.18027	0.49529	0.10798	0.49808	0.25693	0.20179	0.24608	0.083986	0.097826	0.11783	-0.12199	0.83398	0.23908	-0.10326	0.46049	0.31601	0.20487	0.21408	0.20147	0.26834	0.20778	0.26703	0.50403	0.69576	0.10358	0.01915	0.25468	0.20247	0.17224	0.052581	0.37816	-0.16573	0.28115	0.54854	0.39465	0.49038	0.054395	0.095153	0.25967	-0.22095	0.24254	-0.071092	0.34685	0.26534	0.16541	0.46488	0.18588	0.28656	0.16765	0.31249	0.092999	0.10937	0.046982	0.28518	-0.20493	0.44391	-0.076648	0.30337	0.32111	-0.0071736	0.25002	0.15018	0.035152	0.47913	0.098391	0.19213	0.48868	0.33398	0.58677	0.29698	0.39332	0.42838	0.26378	0.078569	0.28168	-0.24724	0.67836	0.299
0.16084	0.35676	0.49959	0.029544	0.1468	0.40141	0.36012	0.059893	0.22879	0.20695	0.22803	-0.1388	0.20027	-0.017119	0.37896	1.0106	0.33194	0.3796	-0.052482	0.31778	-0.10442	0.22897	-0.08188	-0.15658	-0.021163	-0.34166	0.21723	0.25344	-0.16097	0.099878	0.18073	0.054924	-0.13739	-0.021379	0.18164	-0.11899	0.26722	-0.1308	-0.0042331	0.25385	0.20022	0.12584	0.14254	0.12077	-0.076331	0.081899	-0.038346	0.026816	-0.092982	0.041253	0.069568	-0.14881	0.088118	-0.03076	0.18494	-0.049183	0.42471	-0.11895	0.078143	0.16548	0.36837	0.27113	-0.13255	0.52371	0.38985	0.16103	0.33699	-0.0179	-0.0054484	0.20005	0.068264	-0.15494	0.17648	0.036369	0.48145	-0.1062	-0.033893	0.18235	0.11862	0.13764	-0.2149	-0.0055564	0.055624	-0.069326	0.13708	0.12756	-0.17212	-0.047372	0.34538	0.13128	0.1387	-0.063302	-0.017207	0.011163	-0.051341	-0.083803	-0.16672	0.2444	-0.039686	-0.090167	0.27671	-0.1068	0.066019	-0.12362	-0.074715	0.10867	-0.024496	-0.1459	0.097878	0.040102	0.44234	-0.10916	-0.13796	-0.073743	0.062293	0.016064	0.043659	0.056647	0.17688	-0.056742	0.074991	0.41352	-0.12573	0.3054	-0.087074	0.13941	0.3486	0.17498	-0.066448	0.0066147	-0.21637	0.32189	0.20094
0.60193	0.75488	0.85061	0.32711	0.34214	0.74901	0.81048	0.18982	0.62224	0.14814	0.017347	-0.030763	0.33738	0.52695	0.81332	0.33194	1.0066	0.59407	0.24237	0.24704	0.14488	0.71689	0.18924	0.25554	0.27441	-0.14513	0.61806	0.42005	-0.064031	0.4408	0.43307	-0.16756	-0.20755	0.15165	-0.030457	0.28418	0.49516	0.32074	0.32202	0.74773	0.42342	0.62327	-0.02769	0.38593	0.37514	0.3107	0.11315	0.40097	-0.040129	0.33039	-0.12031	-0.51357	0.094782	0.3818	0.5369	0.28187	0.55993	0.12663	0.41194	0.32024	0.35169	0.36653	0.047146	0.36625	-0.016794	-0.17072	0.66486	0.37862	-0.10141	0.4404	0.44474	0.22952	0.22884	0.23518	0.49267	0.22261	0.35429	0.65994	0.52307	0.36916	0.065487	0.36675	0.30429	0.23311	0.34653	0.32969	-0.088912	0.3609	0.55237	0.51689	0.49632	0.039587	0.198	0.23572	-0.32572	0.20234	0.074234	0.48217	0.3717	0.22213	0.58538	0.28332	0.51548	0.17512	0.38548	0.10243	0.26537	0.20767	0.21978	-0.28556	0.52186	-0.10571	0.31232	0.31679	-0.043135	0.37169	0.32708	0.11248	0.42637	0.11003	0.23732	0.4877	0.1606	0.74628	0.33493	0.41572	0.40006	0.35105	0.072828	0.39229	-0.18911	0.53306	0.19725
0.39832	0.50393	0.71163	0.22655	0.085786	0.55578	0.69243	0.15563	0.4068	0.21426	0.10037	-0.29175	0.31591	0.14658	0.63013	0.3796	0.59407	1.0126	-0.24926	0.27475	-0.22069	0.42587	-0.064466	-0.21644	-0.01065	0.13574	0.31402	0.24939	-0.20651	0.1384	0.21151	-0.081125	-0.11156	-0.028319	0.11045	-0.0041467	0.38515	-0.064676	0.1953	0.4258	0.060986	0.43516	-0.19115	0.1483	0.10061	-0.019343	0.29991	0.19246	-0.2981	-0.075094	-0.17557	-0.29543	0.057333	0.15864	0.36173	0.027322	0.48966	-0.038158	0.21886	0.17243	0.30648	0.44462	-0.076238	0.4332	0.19593	-0.052514	0.59966	0.053558	-0.16802	0.19325	0.014321	0.051843	-0.068607	0.058946	0.51756	0.18693	-0.11949	0.51272	0.4632	0.15143	-0.30321	0.1912	0.093107	0.038062	0.092119	-0.027819	-0.18511	0.0025554	0.39543	0.12086	0.23078	-0.33173	-0.19176	-0.08938	-0.16955	0.025846	-0.22363	0.13945	0.031363	-0.036075	0.42086	-0.014055	0.15854	-0.14157	0.16556	0.055665	0.17846	-0.12371	0.1218	0.0083844	0.29025	-0.23281	-0.042165	0.083501	-0.1406	0.12823	0.019242	-0.042862	0.31572	-0.21434	0.066915	0.43695	-0.035274	0.58601	0.075601	0.31155	0.61385	0.119	-0.15669	0.16767	-0.0051981	0.34782	0.35006
0.24133	0.33456	0.14193	-0.11231	0.38172	0.13999	0.15066	0.31611	0.029362	0.063412	0.31154	0.18587	-0.019516	0.2599	0.08696	-0.052482	0.24237	-0.24926	0.99949	0.22463	0.8094	0.013875	0.42442	0.76585	0.45576	-0.27952	0.15128	0.073005	-0.017443	0.46322	0.002259	-0.010166	-0.11694	0.23429	-0.047514	0.49352	-0.080819	0.49915	0.2249	0.22083	0.65637	-0.0041741	0.14237	0.19324	0.34794	0.61021	-0.035305	0.079678	0.69457	0.70797	-0.18623	-0.28509	0.1465	0.28474	0.029064	0.36763	0.13729	0.32017	-0.051811	0.19959	0.1016	-0.24522	0.33453	-0.14849	0.072534	-0.087701	0.058076	0.20507	-0.2431	0.024043	0.38279	0.25911	0.6033	0.16748	-0.064875	-0.17093	0.57216	-0.062221	-0.085858	0.10965	0.35053	0.22934	0.39621	0.39579	0.17631	0.30551	-0.11557	0.53119	0.12084	0.64025	0.22887	0.41859	0.75301	0.25187	-0.15662	0.22767	0.78111	0.28355	0.45651	0.5748	0.2443	0.53425	0.39972	0.39085	0.20794	0.25454	-0.12391	0.51375	0.11676	-0.19295	0.19113	0.18763	0.48399	0.26338	-0.13311	0.16866	0.56095	0.2949	-0.023521	0.61309	0.26468	0.031869	0.196	-0.10466	0.48941	0.20809	-0.20278	0.41662	0.14036	0.13189	0.036873	0.2565	-0.034656
0.54496	0.029619	0.31584	-0.22381	0.52031	0.091756	0.30754	0.42475	0.046271	0.72665	0.45429	-0.3268	0.44084	-0.16315	0.15107	0.31778	0.24704	0.27475	0.22463	0.99103	0.42454	0.20673	0.47064	0.31679	-0.056782	-0.25173	0.58597	0.59706	-0.23556	0.58202	0.4467	-0.09693	-0.22474	0.44003	0.33795	0.39613	0.36734	0.30666	0.32637	0.099344	0.16191	0.062748	0.26747	0.4613	0.26805	0.026704	-0.20628	0.24552	0.5202	0.085635	-0.035673	-0.26045	0.24411	0.35063	0.51524	0.42353	0.41852	0.35969	-0.18507	0.37743	0.52527	0.46128	0.30362	0.49419	-0.035903	0.38675	0.16743	-0.020356	-0.076715	0.42868	0.020726	0.11293	0.17182	0.4122	0.32624	-0.22502	0.15267	0.01705	-0.0052698	0.023729	-0.2122	0.33573	0.49392	0.36879	0.2918	0.10601	-0.11595	0.25468	-0.061419	0.178	0.22332	0.018385	0.10824	0.28165	0.10299	0.1848	0.38402	0.19895	0.21119	0.45868	0.2971	0.33734	0.31264	0.25596	0.17916	0.58955	-0.1468	0.3577	0.39342	0.21396	0.10116	0.034685	0.17883	0.1413	0.12215	0.29503	0.48468	0.44506	0.35808	0.42034	0.42104	0.3218	-0.033673	0.33642	0.14525	0.47578	-0.015901	0.48734	0.23228	0.24699	-0.12799	0.22537	0.11528
0.36696	0.24702	0.11664	-0.28529	0.58593	0.083379	0.21219	0.494	0.0666	0.29891	0.46158	0.098993	0.13261	0.15287	0.033333	-0.10442	0.14488	-0.22069	0.8094	0.42454	1.0109	0.027825	0.67817	0.9464	0.45598	-0.26799	0.31105	0.22757	-0.007641	0.66436	0.15358	-0.061772	-0.1491	0.4338	0.044684	0.7678	0.039055	0.69584	0.44722	0.21499	0.65489	0.050281	0.28633	0.40268	0.5824	0.6218	-0.32688	0.2481	0.77331	0.69821	-0.16312	-0.13945	0.2889	0.51309	0.20401	0.62699	0.14357	0.54477	-0.13112	0.29787	0.21514	-0.10741	0.5809	-0.12177	0.10697	0.054768	0.11633	0.20791	-0.13292	0.19544	0.3936	0.38196	0.58647	0.40543	-0.06851	-0.16833	0.74528	-0.018003	-0.0050957	0.12726	0.29101	0.46525	0.54664	0.61669	0.35	0.35806	-0.035406	0.69043	-0.022398	0.62772	0.36714	0.42853	0.67672	0.40964	-0.0011443	0.43483	0.91183	0.34606	0.61477	0.81312	0.26938	0.78349	0.54402	0.61887	0.43724	0.50431	-0.18469	0.75076	0.34474	-0.086775	0.18785	0.17701	0.64236	0.41492	-0.046796	0.36091	0.67812	0.53422	0.18578	0.79488	0.39613	0.1205	0.1823	-0.10248	0.56924	0.40206	-0.21117	0.58159	0.23746	0.27592	-0.18043	0.19638	-0.22495
0.33027	0.47397	0.63523	0.32032	0.37767	0.56022	0.60694	0.0073429	0.66891	0.14667	-0.18288	0.032203	0.31537	0.43629	0.69821	0.22897	0.71689	0.42587	0.013875	0.20673	0.027825	1.0097	0.1868	0.073435	0.01401	-0.26096	0.57965	0.15786	0.061163	0.41881	0.40539	-0.092538	-0.22347	0.28439	0.011069	0.16328	0.58384	0.20595	0.16467	0.73913	0.37724	0.61839	0.22209	0.34755	0.21525	0.15673	-0.11775	0.29079	-0.074706	0.14232	0.27992	-0.42752	0.0087985	0.22421	0.49721	0.24847	0.53318	0.010133	0.46269	0.46016	0.42349	0.28877	-0.017375	0.27168	-0.073578	0.074918	0.58257	0.39234	0.2683	0.49938	0.3888	0.051475	0.12054	0.2706	0.4352	0.35374	0.40674	0.53167	0.38342	0.3996	0.079725	0.22478	0.30942	0.099609	0.43247	0.53001	0.15886	0.17403	0.48347	0.27249	0.58984	0.20943	0.019779	0.39366	-0.098985	0.11435	-0.094965	0.60303	0.24316	0.13053	0.41036	0.10235	0.41091	0.19129	0.17991	0.095942	0.43676	0.21308	0.2988	-0.17221	0.2452	0.062514	0.2644	0.12372	0.22414	0.36443	0.22776	0.31408	0.43721	0.16505	0.27158	0.43078	0.12724	0.71769	0.035895	0.4325	0.33708	0.34293	0.38039	0.28117	-0.36636	0.49514	0.18995
0.5162	0.12515	0.17593	-0.27564	0.72408	0.05386	0.24721	0.43726	0.17839	0.51497	0.30208	-0.16036	0.37696	0.05279	0.097138	-0.08188	0.18924	-0.064466	0.42442	0.47064	0.67817	0.1868	0.99071	0.62719	0.1931	-0.26744	0.66363	0.3562	-0.11887	0.66433	0.26602	-0.032135	-0.096491	0.73558	0.24958	0.90711	0.1731	0.7904	0.78814	0.16646	0.3833	0.20082	0.31659	0.78505	0.83592	0.27892	-0.25319	0.68396	0.73719	0.29569	0.0076558	-0.11284	0.49351	0.84037	0.32768	0.94984	0.30291	0.84387	-0.13982	0.45773	0.42972	0.029158	0.75859	0.056782	0.035335	0.20954	0.22659	0.035037	-0.092743	0.39276	0.44498	0.66844	0.31917	0.80439	0.14321	-0.12887	0.55095	0.092934	0.29061	0.1226	-0.030549	0.80194	0.5842	0.88971	0.49705	0.39181	-0.058601	0.76728	-0.049757	0.37464	0.54665	0.30698	0.14663	0.69109	0.098519	0.72114	0.60613	0.28991	0.71911	0.91806	0.12059	0.88065	0.67991	0.83428	0.72219	0.76971	-0.15715	0.74241	0.68928	0.029005	0.081597	0.14722	0.66405	0.68784	-0.012434	0.82094	0.79178	0.63297	0.61664	0.79171	0.72723	0.27536	0.37297	0.055974	0.50615	0.63284	-0.21555	0.72052	0.51245	0.74053	-0.19518	0.10779	-0.20855
0.46586	0.27155	0.17842	-0.30105	0.57282	0.13563	0.26954	0.56903	0.092905	0.25347	0.47718	0.070083	0.20659	0.17297	0.087294	-0.15658	0.25554	-0.21644	0.76585	0.31679	0.9464	0.073435	0.62719	1.0049	0.49716	-0.18834	0.37715	0.27509	-0.037094	0.65452	0.2857	0.011738	-0.011757	0.42468	0.023847	0.75755	0.011293	0.76583	0.4733	0.2417	0.63147	0.11753	0.28535	0.43983	0.62983	0.62251	-0.35195	0.32691	0.63841	0.70256	-0.24268	-0.088894	0.38177	0.53065	0.21235	0.61364	0.12585	0.53143	-0.1249	0.25701	0.16673	-0.10175	0.60637	-0.11388	0.026473	-0.0082172	0.15282	0.18476	-0.17768	0.27915	0.43345	0.46284	0.55693	0.40668	-0.063848	-0.17462	0.71656	0.04298	0.09052	0.10565	0.31371	0.50264	0.56057	0.61859	0.31077	0.31373	-0.069956	0.71807	-0.02888	0.64257	0.35369	0.37528	0.69605	0.41954	-0.031125	0.44614	0.84675	0.34465	0.62792	0.76542	0.29113	0.78084	0.56338	0.60863	0.50235	0.46822	-0.17929	0.71443	0.35848	-0.033549	0.29719	0.051157	0.67022	0.47911	-0.048772	0.38726	0.64756	0.44234	0.22519	0.71697	0.39222	0.14348	0.24223	-0.056411	0.62368	0.41745	-0.26901	0.56293	0.21342	0.33369	-0.25414	0.17481	-0.30656
0.22293	0.4378	0.1028	0.037595	0.38638	0.19828	0.21788	-0.012116	0.33942	-0.1751	0.037185	0.42141	-0.33217	0.55973	0.24218	-0.021163	0.27441	-0.01065	0.45576	-0.056782	0.45598	0.01401	0.1931	0.49716	1.0156	-0.22126	-0.06018	0.26578	0.30771	0.43503	0.070445	-0.10632	-0.041217	0.21433	-0.13187	0.33118	0.017595	0.50842	0.28954	0.35232	0.63659	0.43236	0.1216	0.28718	0.38517	0.88059	-0.097064	0.29185	0.10743	0.84691	-0.14377	-0.09781	0.22929	0.39397	0.1316	0.25047	0.2839	0.26785	0.22255	0.15709	0.023769	-0.1308	0.27539	-0.17367	0.11015	-0.13972	0.23506	0.46468	0.10463	0.12323	0.49589	0.38844	0.64184	0.28161	-0.062058	0.21651	0.54859	0.19605	0.24892	0.17789	0.6259	0.23231	0.27962	0.38664	0.019456	0.39784	0.23464	0.65912	0.20714	0.71043	0.31243	0.51533	0.69721	0.062176	-0.12025	0.50547	0.38915	0.30712	0.68956	0.39827	0.45383	0.53804	0.50104	0.37963	0.46856	0.035187	0.14803	0.48008	0.21777	-0.18908	0.40467	0.16046	0.56765	0.52426	-0.093979	0.27778	0.42748	-0.0042716	0.18281	0.48963	0.21669	0.17253	0.051275	0.043923	0.81554	0.21035	-0.034149	0.40689	0.049287	0.29284	-0.13297	0.40111	-0.2049
-0.026374	-0.2485	-0.053049	0.034723	-0.39816	0.0046117	0.047581	0.12132	-0.30714	-0.10412	-0.013776	-0.1035	0.032262	-0.11491	-0.13231	-0.34166	-0.14513	0.13574	-0.27952	-0.25173	-0.26799	-0.26096	-0.26744	-0.18834	-0.22126	0.99641	-0.17892	-0.22493	-0.086255	-0.35142	0.0079712	0.010972	0.35185	-0.23511	-0.016534	-0.25509	-0.35474	-0.14233	-0.1796	-0.22239	-0.29822	-0.1651	-0.24014	-0.34038	-0.23854	-0.33142	0.17262	-0.25218	-0.29889	-0.27954	-0.32476	0.21742	-0.077614	-0.2776	-0.18125	-0.26823	-0.41402	-0.21364	-0.16684	-0.20284	-0.30262	-0.05146	-0.16849	-0.19637	-0.03184	-0.13137	-0.23571	-0.20358	-0.13388	-0.1041	-0.43943	-0.19463	-0.29427	-0.33548	-0.22217	-0.12173	-0.2247	-0.1947	-0.15435	-0.22974	-0.28414	-0.17754	-0.17775	-0.24069	-0.24871	-0.43944	-0.18746	-0.31394	-0.15377	-0.27192	-0.33097	-0.25128	-0.23784	-0.22245	0.048561	-0.24241	-0.21024	-0.20105	-0.37747	-0.28592	-0.095327	-0.25381	-0.39284	-0.26852	-0.2022	-0.22433	-0.084465	-0.33247	-0.23586	0.1792	0.024607	-0.26781	-0.37595	-0.2266	0.077612	-0.29846	-0.29822	-0.22223	-0.25181	-0.35372	-0.27704	-0.13749	-0.060957	-0.025298	-0.22391	-0.19716	0.049455	-0.42846	-0.079084	-0.19924	0.36243	-0.23498	-0.15753
0.76038	0.24193	0.62277	-0.22621	0.62009	0.34886	0.59783	0.50743	0.31503	0.66037	0.2904	-0.44559	0.75855	-0.012358	0.46674	0.21723	0.61806	0.31402	0.15128	0.58597	0.31105	0.57965	0.66363	0.37715	-0.06018	-0.17892	0.99893	0.49432	-0.31995	0.61687	0.68991	0.034486	-0.064982	0.58012	0.28098	0.58069	0.36803	0.59352	0.58077	0.32102	0.28068	0.30168	0.35652	0.73552	0.56553	0.018899	-0.16484	0.63249	0.37585	0.055883	-0.084061	-0.21276	0.45112	0.61702	0.51104	0.67388	0.47612	0.53768	-0.075421	0.4745	0.55931	0.39686	0.4751	0.45856	-0.11386	0.28617	0.40728	-0.10238	-0.16287	0.70279	0.21602	0.40438	0.099552	0.64543	0.49389	-0.19697	0.31049	0.26626	0.40981	0.09886	-0.29298	0.62646	0.57704	0.58622	0.50132	0.25428	-0.25252	0.45343	0.070947	0.22532	0.54135	0.015892	-0.028747	0.60538	0.084387	0.45379	0.25669	0.36806	0.3834	0.57579	0.38742	0.51489	0.5061	0.50418	0.49516	0.65325	-0.1626	0.35989	0.6402	0.11659	0.33988	-0.13325	0.34799	0.44605	0.16676	0.64467	0.54353	0.49627	0.69643	0.45974	0.62297	0.48921	0.28718	0.45575	0.27866	0.69388	-0.028962	0.59294	0.44892	0.61531	-0.26148	0.2614	-0.0089397
0.72997	0.2425	0.35827	-0.11624	0.57024	0.27128	0.40174	0.26305	0.24748	0.61138	0.29987	-0.1825	0.24814	0.11599	0.31228	0.25344	0.42005	0.24939	0.073005	0.59706	0.22757	0.15786	0.3562	0.27509	0.26578	-0.22493	0.49432	0.99022	-0.094624	0.64815	0.58569	-0.046953	-0.083083	0.50797	0.33372	0.3927	0.49539	0.48583	0.58546	0.13345	0.11982	0.20282	0.23755	0.61653	0.47476	0.13549	-0.062288	0.56833	0.16511	0.14361	-0.092015	-0.17521	0.47915	0.50673	0.64208	0.46287	0.55338	0.39144	0.058128	0.38963	0.49207	0.54501	0.33801	0.35494	-0.13069	0.28671	0.32564	0.14526	-0.0031312	0.5333	0.24439	0.42907	0.071384	0.54497	0.30006	-0.046881	0.05005	0.20943	0.38555	-0.072395	-0.00021046	0.55644	0.52361	0.50768	0.0695	0.050736	-0.054031	0.45927	0.0375	0.30958	0.24089	-0.040708	0.10001	0.24396	0.08022	0.37982	0.11734	0.073996	0.41251	0.37506	0.38383	0.41683	0.40545	0.29489	0.52727	0.46184	-0.11468	0.36142	0.5564	0.16229	0.30611	-0.081468	0.35866	0.48311	0.13862	0.46857	0.41613	0.2939	0.58302	0.24653	0.51658	0.39089	0.085871	0.3687	0.37873	0.56705	-0.13189	0.51403	0.091844	0.52634	-0.11003	0.39453	-0.064362
-0.3167	0.047344	-0.1444	0.45689	0.005528	0.032122	-0.073123	-0.27	0.31685	-0.26413	-0.23767	0.89764	-0.33223	0.46811	-0.061458	-0.16097	-0.064031	-0.20651	-0.017443	-0.23556	-0.007641	0.061163	-0.11887	-0.037094	0.30771	-0.086255	-0.31995	-0.094624	1.0121	0.05752	-0.23046	-0.061194	0.020154	-0.11699	-0.094865	-0.017999	0.18383	-0.1171	-0.1165	0.21603	0.054136	0.25889	-0.040685	-0.20456	-0.016784	0.19156	-0.039639	-0.14339	-0.10201	0.19918	0.20797	-0.08086	-0.16397	-0.029164	0.14573	-0.10292	-0.046506	-0.12893	0.59487	0.024841	-0.095038	-0.14572	-0.16925	-0.14194	-0.074595	-0.11932	0.042667	0.52315	0.52921	-0.14693	0.31819	-0.0026197	0.017251	-0.16677	-0.11673	0.53921	0.29143	0.14874	-0.075147	0.42873	0.76681	-0.085445	-0.076115	-0.10939	0.064457	0.096212	0.85483	-0.034985	0.29637	0.046331	0.014332	0.35189	0.034837	-0.16094	-0.12406	-0.098937	-0.041376	0.26982	0.19041	-0.082991	0.033059	-0.019495	0.031827	-0.095132	0.013978	-0.18248	0.5419	0.27608	-0.19423	-0.13808	-0.053087	0.76583	0.11628	-0.09298	0.060151	-0.0081032	0.024696	-0.078815	-0.19193	-0.10495	-0.13146	-0.14954	0.0031216	0.11515	-0.046989	-0.12718	0.088553	-0.012929	-0.10728	-0.05502	-0.10161	-0.024992	-0.17397
0.70664	0.3746	0.46502	-0.15598	0.91714	0.36138	0.53616	0.4343	0.48494	0.63699	0.40978	0.045626	0.33836	0.29799	0.37579	0.099878	0.4408	0.1384	0.46322	0.58202	0.66436	0.41881	0.66433	0.65452	0.43503	-0.35142	0.61687	0.64815	0.05752	0.99504	0.58199	0.0090542	-0.10421	0.71352	0.35611	0.69757	0.48442	0.76355	0.70467	0.42538	0.6256	0.43028	0.50003	0.73063	0.68624	0.49073	-0.20979	0.59896	0.51966	0.52887	-0.033226	-0.19138	0.57523	0.66873	0.5975	0.72026	0.62502	0.58813	0.15925	0.64331	0.62447	0.22995	0.61851	0.19682	0.034238	0.40473	0.50023	0.25784	0.14777	0.59678	0.53991	0.53733	0.36619	0.7052	0.30476	0.091267	0.56991	0.19443	0.399	0.14963	0.23087	0.70264	0.81822	0.7404	0.30658	0.36366	0.11415	0.69857	0.2083	0.59629	0.56675	0.28366	0.41542	0.509	0.19176	0.51783	0.5209	0.48576	0.70889	0.75649	0.46526	0.71666	0.63533	0.54686	0.62077	0.6786	-0.01035	0.75607	0.72173	0.14674	0.37496	0.17633	0.7044	0.56598	0.21368	0.63401	0.77175	0.59905	0.65586	0.64634	0.76636	0.44023	0.26653	0.30103	0.539	0.80331	-0.1207	0.87369	0.3249	0.59464	-0.23415	0.47487	-0.10698
0.72646	0.12009	0.52176	-0.44326	0.5386	0.36763	0.57285	0.38617	0.26413	0.66127	0.4031	-0.31087	0.5217	-0.023006	0.46382	0.18073	0.43307	0.21151	0.002259	0.4467	0.15358	0.40539	0.26602	0.2857	0.070445	0.0079712	0.68991	0.58569	-0.23046	0.58199	0.9981	0.19469	0.10007	0.44956	0.39047	0.19721	0.30403	0.48146	0.37163	0.17442	0.30111	0.10075	0.39593	0.50808	0.25489	0.084369	-0.24173	0.38507	0.074696	0.12427	-0.13161	-0.02039	0.54222	0.21082	0.42261	0.32144	0.44957	0.22861	-0.10984	0.53094	0.48486	0.48054	0.27337	0.27898	-0.067323	0.43572	0.35154	-0.16997	-0.12469	0.90227	-0.015329	0.17609	0.10665	0.40556	0.28734	-0.31548	0.1351	-0.057733	0.30052	-0.27022	-0.1802	0.35843	0.64266	0.3391	0.039183	0.10759	-0.25115	0.27059	-0.0088449	0.18547	0.24478	0.057101	0.13752	0.45873	0.19888	0.2285	0.048211	0.27254	0.15384	0.27671	0.5008	0.24254	0.11341	0.25219	0.25314	0.45511	-0.32953	0.1609	0.56204	0.31947	0.4038	-0.26277	0.1937	0.26658	0.30973	0.29251	0.34972	0.36677	0.52757	0.27517	0.49981	0.47905	0.12792	0.26857	0.19555	0.67073	-0.19848	0.44009	0.38676	0.3551	-0.27635	0.43726	-0.23712
0.0035068	-0.2453	-0.0055161	-0.27199	0.16313	-0.060837	0.046972	0.38944	-0.15627	0.24171	0.51024	-0.10518	0.42709	-0.28863	-0.19255	0.054924	-0.16756	-0.081125	-0.010166	-0.09693	-0.061772	-0.092538	-0.032135	0.011738	-0.10632	0.010972	0.034486	-0.046953	-0.061194	0.0090542	0.19469	0.97438	0.53508	0.083051	0.22829	-0.064171	0.032445	-0.022086	0.014704	-0.2244	0.050465	-0.22826	0.22311	0.065594	-0.056699	-0.13349	-0.14871	0.014103	0.080328	-0.043367	-0.13753	0.34364	0.61179	-0.064797	0.0088584	-0.03291	0.19915	-0.0034826	-0.17258	0.19035	0.28452	0.1715	0.099075	0.26837	-0.0542	0.21976	-0.092868	-0.27914	-0.10289	0.13632	-0.1402	0.050243	-0.074739	0.032053	0.39755	-0.20149	-0.13005	-0.23317	-0.10112	-0.12988	-0.11787	-0.0063253	0.32206	0.073898	-0.079138	-0.18191	-0.087156	-0.031179	-0.1011	-0.11144	-0.092578	-0.088722	-0.042778	-0.026752	0.093286	-0.060909	-0.052281	0.12867	-0.086339	-0.015803	0.076092	-0.078362	-0.11422	-0.076006	-0.076187	0.3053	-0.22142	-0.078487	0.15455	0.41504	-0.11076	-0.1195	-0.10294	-0.068461	-0.070127	-0.029802	0.070797	0.028221	-0.0093263	-0.029926	0.12984	0.16254	0.013579	-0.28427	-0.083209	0.32085	-0.19649	0.17536	-0.065637	-0.0068144	-0.086445	-0.031318	-0.17354
-0.064451	-0.28613	-0.083271	-0.16318	-0.030961	-0.12109	-0.049945	0.24247	-0.16967	0.026322	0.23128	-0.040618	0.1382	-0.21036	-0.23209	-0.13739	-0.20755	-0.11156	-0.11694	-0.22474	-0.1491	-0.22347	-0.096491	-0.011757	-0.041217	0.35185	-0.064982	-0.083083	0.020154	-0.10421	0.10007	0.53508	0.91535	0.041658	0.27293	-0.11384	-0.17269	0.021066	-0.0073092	-0.25876	-0.11977	-0.13227	0.12234	-0.02649	-0.072987	-0.1474	-0.0016714	0.018698	-0.11071	-0.1203	-0.17602	0.46669	0.41377	-0.073138	-0.10246	-0.072148	-0.13096	-0.024228	-0.15103	-0.053168	-0.043076	-0.038309	0.17327	0.0076894	-0.089582	0.12764	-0.21489	-0.20623	-0.0053016	-0.022552	-0.21152	0.14945	-0.15327	-0.062971	0.0073582	-0.13765	-0.12694	-0.19238	-0.098099	-0.10836	-0.098462	0.0049414	-0.010829	0.023	-0.10659	-0.27344	-0.0099542	-0.093821	-0.19857	-0.16035	-0.15205	-0.088431	-0.082545	-0.076615	0.14464	-0.067887	-0.11752	-0.064469	-0.10988	-0.08433	-0.082599	-0.099107	-0.16499	-0.11494	-0.062938	0.087496	-0.13232	-0.10697	0.098083	0.64498	0.062814	-0.1051	-0.17815	-0.070568	0.064473	-0.027184	-0.042236	-0.092878	-0.0090313	-0.14346	0.0043832	0.034586	0.017255	-0.18188	-0.081127	0.039926	-0.17653	-0.041658	-0.063141	0.035814	0.051108	-0.13332	-0.21425
0.57367	0.0015395	0.14283	-0.25781	0.82626	0.061708	0.21599	0.32682	0.21455	0.59822	0.22824	-0.15753	0.31496	0.061528	0.11477	-0.021379	0.15165	-0.028319	0.23429	0.44003	0.4338	0.28439	0.73558	0.42468	0.21433	-0.23511	0.58012	0.50797	-0.11699	0.71352	0.44956	0.083051	0.041658	0.99707	0.36536	0.63263	0.22643	0.77941	0.70483	0.12765	0.39199	0.27661	0.60133	0.82089	0.65789	0.24069	-0.22371	0.71983	0.46431	0.23305	0.1958	-0.047403	0.6306	0.66162	0.38436	0.78421	0.42382	0.63578	-0.10243	0.58003	0.52761	0.00088844	0.63844	0.10838	-0.063457	0.55397	0.18626	0.04489	0.21301	0.52422	0.35955	0.55088	0.21398	0.85616	0.16225	-0.054136	0.42011	-0.037576	0.30837	-0.036604	-0.039696	0.69513	0.68929	0.74647	0.28443	0.41388	-0.014647	0.671	-0.13824	0.25758	0.53224	0.33298	0.1359	0.66943	0.38199	0.61683	0.28165	0.3094	0.60469	0.671	0.20656	0.64641	0.53342	0.69698	0.60892	0.68118	-0.096039	0.65655	0.85593	0.29384	0.085182	0.037684	0.5833	0.61904	0.32987	0.74382	0.62297	0.61745	0.73094	0.68695	0.79808	0.25598	0.19776	0.12485	0.38299	0.7112	-0.36877	0.75331	0.62757	0.6923	-0.18999	0.2878	-0.30338
0.30452	-0.199	0.26058	-0.26357	0.49313	-0.10776	0.17092	0.22244	-0.11581	0.66388	0.42787	-0.15344	0.37609	-0.22752	-0.07967	0.18164	-0.030457	0.11045	-0.047514	0.33795	0.044684	0.011069	0.24958	0.023847	-0.13187	-0.016534	0.28098	0.33372	-0.094865	0.35611	0.39047	0.22829	0.27293	0.36536	0.97758	0.15055	0.33561	0.21516	0.46349	-0.1439	0.032453	-0.11549	0.22274	0.23779	0.12189	-0.16898	-0.2222	0.093565	0.16797	-0.050571	0.099666	0.19391	0.58549	0.1192	0.40829	0.30193	0.47297	0.035343	-0.21698	0.65893	0.72916	0.34888	0.12408	0.43312	0.14234	0.62196	0.08081	-0.16728	-0.030119	0.44096	0.010619	0.11013	-0.14122	0.23128	0.41295	-0.26872	-0.057928	-0.29939	-0.11929	-0.073206	-0.15993	0.40895	0.49559	0.28536	0.2264	-0.13616	-0.08676	0.0061785	0.021297	0.022868	-0.056566	-0.091946	-0.052701	0.2078	0.29011	-0.016735	-0.061015	0.18262	-0.0072503	0.16462	0.25777	0.1264	0.010927	-0.0075187	0.10916	0.37294	-0.20099	0.1624	0.40116	0.5953	0.046022	-0.05248	-0.10081	-0.063531	0.12505	0.29528	0.40622	0.59917	0.26545	0.066821	0.42393	0.36192	-0.1316	0.0068678	-0.10318	0.56676	-0.18852	0.39813	0.32878	0.32808	-0.065607	0.10549	-0.23321
