0.9768	0.38718	0.63628	-0.2523	0.64615	0.47074	0.64802	0.58196	0.30836	0.67271	0.45198	-0.3809	0.54042	0.095313	0.5289	0.15548	0.58901	0.38992	0.23927	0.54613	0.35769	0.31977	0.51047	0.45526	0.21326	-0.02331	0.75054	0.72541	-0.30806	0.6993	0.71241	-0.0071984	-0.072006	0.56963	0.28707	0.54725	0.31475	0.68796	0.68997	0.27435	0.32277	0.28922	0.30689	0.68615	0.61742	0.18934	0.092659	0.63235	0.27298	0.20461	-0.32855	-0.22923	0.56268	0.58885	0.44422	0.59374	0.51071	0.52419	-0.043714	0.41702	0.47315	0.29445	0.50897	0.25015	-0.018604	0.24755	0.49908	-0.090053	-0.23888	0.63208	0.2434	0.52812	0.12949	0.61016	0.29252	-0.18373	0.18892	0.15312	0.53695	-0.15237	-0.14854	0.66628	0.66838	0.62932	0.11222	0.090216	-0.31127	0.52857	0.055029	0.32398	0.34782	-0.11627	0.1176	0.42207	0.094537	0.51179	0.24411	0.176	0.42228	0.54765	0.40286	0.57419	0.41299	0.43537	0.62277	0.59291	-0.26882	0.34934	0.66473	0.16125	0.48981	-0.18868	0.42012	0.57519	0.12438	0.52406	0.48472	0.35806	0.6638	0.37879	0.60388	0.39365	0.33172	0.32717	0.49359	0.72873	-0.11127	0.61708	0.23904	0.58038	-0.065307	0.36094	-0.021666
0.38718	0.99595	0.72758	0.37304	0.24908	0.85062	0.69757	0.11205	0.73431	-0.079939	0.025004	0.19205	-0.054631	0.6945	0.82028	0.34869	0.74816	0.5026	0.33101	0.027718	0.24434	0.46693	0.12572	0.26904	0.43029	-0.24647	0.23934	0.24059	0.044301	0.37505	0.11831	-0.24127	-0.29104	-9.7097e-05	-0.20654	0.27981	0.36638	0.23241	0.29914	0.77423	0.53292	0.56206	-0.051774	0.22576	0.3897	0.50852	0.21668	0.29308	-0.022928	0.46789	-0.1778	-0.43946	-0.020982	0.34448	0.26516	0.2082	0.43971	0.18039	0.58988	0.10868	0.11592	0.091472	0.13873	0.00446	0.29013	-0.30009	0.79759	0.42807	-0.077573	0.11745	0.5711	0.33802	0.331	0.14639	0.22456	0.36338	0.37896	0.67098	0.62193	0.34661	0.24547	0.30149	0.099328	0.24119	0.092476	0.35159	-0.048505	0.37761	0.67484	0.59705	0.43095	0.0099284	0.23683	0.054626	-0.32544	0.26762	0.15122	0.30653	0.41838	0.26095	0.35076	0.33396	0.43283	0.1612	0.40911	0.034773	0.24211	0.19313	0.13922	-0.3791	0.4925	0.041356	0.41926	0.36915	-0.17111	0.23901	0.19962	-0.026467	0.31287	0.10186	0.12188	0.33957	0.33337	0.49403	0.43178	0.2365	0.49055	0.30579	-0.20423	0.25871	-0.24416	0.55531	0.30722
0.63628	0.72758	0.99224	0.14221	0.39434	0.81336	0.89219	0.40522	0.57528	0.37844	0.28949	-0.13659	0.47552	0.34407	0.81758	0.484	0.83377	0.70176	0.13739	0.31115	0.10955	0.62213	0.16755	0.17006	0.10398	-0.043471	0.60653	0.3522	-0.13971	0.45547	0.50731	-0.01533	-0.089841	0.13871	0.23626	0.24227	0.49004	0.26188	0.37685	0.64291	0.40949	0.46388	0.085444	0.32171	0.31535	0.18345	0.12791	0.29081	-0.048168	0.21421	-0.23152	-0.34069	0.25575	0.29539	0.46539	0.26659	0.62359	0.092939	0.31684	0.40302	0.49932	0.40336	0.096495	0.43536	0.23503	0.066139	0.76282	0.1418	-0.1771	0.46968	0.32025	0.1971	0.12068	0.2083	0.57755	0.054922	0.24072	0.48688	0.50023	0.27059	-0.11152	0.38513	0.36382	0.23328	0.29788	0.16923	-0.21747	0.19923	0.58565	0.37331	0.38406	-0.15831	0.046684	0.17517	-0.13064	0.14254	-0.002931	0.45494	0.20393	0.20444	0.55443	0.2275	0.32827	0.060953	0.3154	0.24278	0.070603	0.090259	0.32098	-0.0067129	0.55564	-0.1395	0.16209	0.18654	0.0097475	0.29867	0.26543	0.24068	0.45913	0.032889	0.26393	0.55634	0.1974	0.61225	0.20549	0.52761	0.46663	0.39662	0.038299	0.31623	-0.20819	0.50593	0.20584
-0.2523	0.37304	0.14221	1.0108	-0.19286	0.31988	0.098066	-0.36354	0.38366	-0.44198	-0.52519	0.55566	-0.30066	0.68237	0.18164	0.029119	0.32928	0.2288	-0.11694	-0.23173	-0.28689	0.31684	-0.27599	-0.30538	0.044044	0.036024	-0.2312	-0.1161	0.45377	-0.15747	-0.44761	-0.26823	-0.16639	-0.25641	-0.26916	-0.1678	0.36465	-0.34898	-0.18162	0.51409	-0.10346	0.55923	-0.29173	-0.24817	-0.10934	-0.064248	0.19516	-0.12035	-0.29329	-0.015611	0.25953	-0.41699	-0.45116	-0.048002	0.30457	-0.23161	0.09871	-0.26562	0.74868	-0.08508	-0.060466	-0.0019417	-0.40412	0.061424	-0.070988	-0.36031	0.22346	0.71497	0.49655	-0.35772	0.38196	-0.078097	-0.18641	-0.25625	0.15665	0.77941	0.10133	0.58825	0.055522	0.63756	0.35673	-0.13879	-0.3162	-0.29108	0.13955	0.1045	0.49655	-0.20191	0.57967	0.11426	0.070204	-0.044943	-0.21854	-0.32951	-0.3806	-0.19794	-0.28642	0.26255	0.0096544	-0.30015	-0.036264	-0.22487	0.12575	-0.28134	-0.041471	-0.41683	0.81592	-0.055195	-0.36734	-0.41422	-0.024198	0.29255	-0.06688	-0.15452	-0.016084	-0.037309	-0.16976	-0.24406	-0.17918	-0.38857	-0.27305	-0.068476	-0.058391	0.58862	-0.1556	-0.2542	0.49503	-0.17996	-0.28127	-0.057758	-0.013756	0.05187	0.31852
0.64615	0.24908	0.39434	-0.19286	0.9786	0.25066	0.432	0.42958	0.39659	0.66166	0.42375	0.0066769	0.38668	0.21543	0.26798	0.14375	0.33632	0.079051	0.38014	0.51764	0.57845	0.37846	0.71027	0.56558	0.37979	-0.40651	0.61067	0.56073	0.011347	0.9079	0.52755	0.15008	-0.03586	0.81968	0.46717	0.70168	0.44515	0.76617	0.75859	0.34288	0.59938	0.41466	0.5432	0.80194	0.70342	0.42578	-0.27028	0.65825	0.50669	0.47262	0.082345	-0.1095	0.70053	0.68769	0.55315	0.77587	0.65136	0.59057	0.065881	0.72286	0.72955	0.17424	0.62115	0.27586	0.098566	0.51583	0.42034	0.17145	0.17484	0.5955	0.55191	0.55829	0.33833	0.79697	0.39228	0.046185	0.55069	0.099816	0.34211	0.15649	0.15157	0.74409	0.84579	0.76574	0.39639	0.43553	0.091464	0.70096	0.15788	0.50411	0.58862	0.32129	0.30703	0.60551	0.24277	0.58391	0.40006	0.53857	0.70469	0.7332	0.39542	0.7186	0.64059	0.61002	0.64903	0.72569	-0.023946	0.74091	0.80275	0.23322	0.28544	0.14003	0.66247	0.58477	0.19711	0.73692	0.78739	0.68043	0.70682	0.67074	0.81977	0.43066	0.23868	0.21525	0.49336	0.84673	-0.17725	0.94	0.45875	0.68173	-0.28757	0.37517	-0.20698
0.47074	0.85062	0.81336	0.31988	0.25066	1.0114	0.85054	0.21633	0.72545	0.12084	0.11168	0.11305	0.12955	0.59378	0.86585	0.39163	0.74241	0.55603	0.1371	0.09126	0.080889	0.5552	0.055714	0.13227	0.20119	0.014336	0.34375	0.27323	0.03216	0.36321	0.36562	-0.068612	-0.12651	0.067583	-0.11484	0.15329	0.40555	0.18478	0.25056	0.70537	0.44709	0.50055	0.042883	0.22912	0.29092	0.27028	0.21174	0.27214	-0.1199	0.25371	-0.19178	-0.40555	0.077548	0.21775	0.31858	0.14399	0.45034	0.096952	0.54746	0.217	0.19	0.18839	0.074998	0.062299	0.24369	-0.13842	0.76654	0.30881	-0.0021764	0.29523	0.35655	0.2008	0.1451	0.13291	0.27151	0.26353	0.29601	0.54034	0.58828	0.20461	0.015861	0.2591	0.19917	0.16199	0.019883	0.22021	-0.084632	0.21635	0.5995	0.38486	0.37755	-0.053846	0.023597	0.12223	-0.22032	0.16801	-0.043931	0.37247	0.24337	0.14799	0.406	0.18302	0.2373	0.074813	0.30862	0.12027	0.18978	0.082485	0.22365	-0.21271	0.51679	-0.0083485	0.25571	0.25619	0.054829	0.16767	0.12211	0.017461	0.36099	-0.011868	0.14123	0.40577	0.32439	0.56936	0.21484	0.34966	0.46409	0.26289	-0.11558	0.19976	-0.22874	0.55592	0.2291
0.64802	0.69757	0.89219	0.098066	0.432	0.85054	0.99269	0.40585	0.62613	0.39193	0.33456	-0.082669	0.42856	0.3927	0.81479	0.34244	0.79454	0.68186	0.14813	0.30683	0.20917	0.59179	0.24478	0.26552	0.21559	0.0588	0.5849	0.39896	-0.068434	0.52939	0.55931	0.031714	-0.05678	0.21379	0.15097	0.3184	0.50114	0.34286	0.41444	0.6339	0.49149	0.47835	0.082879	0.37255	0.38879	0.27737	0.076563	0.34473	0.030383	0.28291	-0.22029	-0.33072	0.30951	0.3469	0.48913	0.31773	0.58962	0.19829	0.3254	0.43097	0.44034	0.38187	0.18672	0.28971	0.14473	-0.021753	0.72808	0.18086	-0.13023	0.53795	0.24439	0.24061	0.1791	0.24814	0.46541	0.11769	0.34704	0.47368	0.54518	0.16126	-0.070919	0.41996	0.44901	0.32967	0.18825	0.17293	-0.14274	0.32645	0.43802	0.42092	0.44995	-0.021285	0.099033	0.24671	-0.18847	0.23383	0.10577	0.46983	0.30014	0.32472	0.64535	0.33293	0.33966	0.18507	0.38764	0.32222	0.07654	0.21307	0.35507	-0.05141	0.50048	-0.071631	0.26728	0.29357	-0.0093989	0.30469	0.33958	0.22983	0.44998	0.15517	0.29759	0.58618	0.22747	0.56902	0.29583	0.6175	0.3724	0.40948	0.042684	0.33423	-0.20601	0.57983	0.10164
0.58196	0.11205	0.40522	-0.36354	0.42958	0.21633	0.40585	1.0075	-0.052348	0.55227	0.7683	-0.31324	0.6699	-0.24766	0.070729	0.051987	0.19405	0.15485	0.31441	0.42054	0.47348	0.0045772	0.43675	0.55512	-0.011352	0.14163	0.51374	0.25453	-0.26523	0.4209	0.38658	0.37389	0.25172	0.31597	0.21712	0.51653	0.033058	0.45291	0.41442	0.013813	0.21971	0.019599	0.20387	0.38482	0.44494	0.0723	-0.11821	0.2862	0.41405	0.15683	-0.45243	0.094018	0.57035	0.39369	0.15367	0.43975	0.14152	0.42029	-0.26711	0.13919	0.3117	0.14225	0.50576	0.30885	0.10415	0.084237	0.20048	-0.2907	-0.39575	0.27797	0.097323	0.3738	0.13718	0.31041	0.28348	-0.29401	0.21533	0.0094147	0.13475	0.00057886	-0.18285	0.42964	0.47005	0.44575	0.22163	-0.093899	-0.26463	0.30891	-0.064352	0.12909	0.16055	-0.19204	0.094727	0.20216	0.032129	0.25439	0.41925	0.18673	0.21657	0.48898	0.14966	0.44922	0.29372	0.28842	0.35679	0.61753	-0.30412	0.2682	0.37293	0.32206	0.24067	-0.13851	0.25395	0.2503	-0.16263	0.26977	0.31973	0.27899	0.26867	0.26914	0.27925	0.16843	0.29861	0.0031655	0.24716	0.46286	-0.062228	0.4532	-0.0086928	0.26331	-0.14244	-0.08419	-0.11063
0.30836	0.73431	0.57528	0.38366	0.39659	0.72545	0.62613	-0.052348	0.9933	0.020342	-0.099616	0.30775	-0.017274	0.70079	0.78447	0.2189	0.6143	0.40282	0.027905	0.047913	0.070678	0.66221	0.18038	0.095637	0.33678	-0.30884	0.31323	0.25427	0.31122	0.49155	0.26682	-0.15176	-0.171	0.22359	-0.1177	0.23012	0.5787	0.23	0.31043	0.80835	0.45606	0.69547	0.16959	0.36786	0.39598	0.37151	0.13202	0.43507	-0.10041	0.26263	0.12821	-0.28643	0.06609	0.36868	0.3242	0.25808	0.4982	0.24279	0.75385	0.27866	0.19829	0.082652	0.23182	-0.0077985	-0.013497	-0.068975	0.83416	0.50249	0.31907	0.30263	0.53358	0.3532	0.11143	0.32315	0.19571	0.58648	0.3808	0.61039	0.7417	0.2938	0.3005	0.33324	0.20329	0.27743	0.075287	0.45943	0.31184	0.36012	0.56361	0.41355	0.58782	0.18732	0.031236	0.25418	-0.12399	0.3251	-0.02355	0.41094	0.47843	0.26125	0.25734	0.26722	0.40437	0.23818	0.43099	0.15908	0.38387	0.31252	0.33561	-0.1723	0.29023	0.2663	0.51213	0.41307	0.036311	0.38396	0.24015	0.051432	0.50853	0.13298	0.30058	0.35168	0.37922	0.5344	0.30966	0.39283	0.33535	0.3822	-0.0042712	0.36903	-0.34882	0.5772	0.25585
0.67271	-0.079939	0.37844	-0.44198	0.66166	0.12084	0.39193	0.55227	0.020342	0.98324	0.62918	-0.40391	0.6641	-0.29042	0.11845	0.20369	0.14188	0.20579	0.059916	0.73393	0.2917	0.14473	0.50798	0.24697	-0.17521	-0.10603	0.65794	0.60862	-0.25814	0.63024	0.65556	0.22402	0.020755	0.59589	0.64202	0.43371	0.3618	0.4373	0.5673	-0.085409	0.12968	-0.084831	0.45839	0.56462	0.37675	-0.16399	-0.14685	0.38973	0.41953	-0.06295	-0.13152	-0.0095594	0.62752	0.39664	0.50232	0.5306	0.4995	0.40222	-0.25587	0.5622	0.69568	0.4637	0.41594	0.49066	-0.022744	0.6376	0.21029	-0.30526	-0.1274	0.59704	-0.048372	0.27238	-0.09851	0.54556	0.43066	-0.36547	0.039272	-0.18809	0.13506	-0.19006	-0.3286	0.5406	0.69409	0.51859	0.21939	-0.1013	-0.24655	0.24013	-0.13378	-0.0022314	0.18046	-0.14721	-0.097207	0.37884	0.34319	0.26497	0.18952	0.17977	0.15248	0.46414	0.30861	0.37517	0.17086	0.27517	0.32587	0.7596	-0.39786	0.30898	0.66609	0.47365	0.098946	-0.079787	0.12948	0.21988	0.24645	0.40253	0.46663	0.60713	0.53714	0.34237	0.60657	0.38466	0.11525	0.12722	0.092033	0.7478	-0.24579	0.58512	0.29963	0.38876	-0.046869	0.17466	-0.13556
0.45198	0.025004	0.28949	-0.52519	0.42375	0.11168	0.33456	0.7683	-0.099616	0.62918	0.98619	-0.23884	0.51862	-0.32699	0.0098549	0.22027	0.011755	0.090944	0.31259	0.46433	0.46306	-0.19363	0.30595	0.47976	0.036711	-0.013743	0.28889	0.29815	-0.23381	0.40359	0.39392	0.48641	0.23303	0.21771	0.41956	0.35383	0.078263	0.29072	0.32829	-0.098963	0.29824	-0.22715	0.24303	0.2517	0.27101	0.12133	-0.17491	0.10102	0.43086	0.21736	-0.42039	0.22859	0.63325	0.20209	0.12124	0.28039	0.26292	0.30618	-0.31939	0.22176	0.38415	0.20306	0.44314	0.33631	0.14118	0.24591	0.16776	-0.3787	-0.41539	0.27783	-0.041845	0.24026	0.16192	0.19283	0.26811	-0.41704	0.071034	-0.26475	0.015224	-0.21775	-0.12396	0.29633	0.50311	0.38057	-0.019916	-0.19355	-0.32421	0.23075	-0.11103	0.14404	-0.010386	-0.14834	0.22339	0.10094	0.10547	0.11719	0.42353	0.11138	0.10485	0.41799	0.20255	0.34613	0.054621	0.14106	0.17236	0.63796	-0.47917	0.2047	0.31772	0.47989	0.10615	-0.11686	0.1331	0.12052	-0.17499	0.072714	0.35826	0.2472	0.13962	0.27269	0.27766	0.2745	0.16283	-0.2027	0.22584	0.49256	-0.18549	0.40951	-0.093166	0.084086	-0.10621	0.070081	-0.19824
-0.3809	0.19205	-0.13659	0.55566	0.0066769	0.11305	-0.082669	-0.31324	0.30775	-0.40391	-0.23884	1.0021	-0.50951	0.65804	-0.03579	-0.13525	-0.026136	-0.28244	0.18507	-0.32315	0.10366	0.032751	-0.15708	0.073802	0.42338	-0.10196	-0.44226	-0.18094	0.87931	0.050491	-0.30621	-0.098139	-0.036247	-0.15325	-0.15121	-0.035127	0.10828	-0.10739	-0.16725	0.34207	0.24692	0.30306	-0.079052	-0.26919	-0.045504	0.35954	-0.11415	-0.22225	-0.058133	0.42608	0.2132	-0.13675	-0.21759	-0.08968	0.12205	-0.14662	-0.044831	-0.16763	0.6283	0.040036	-0.12099	-0.22526	-0.20602	-0.22603	0.074694	-0.18741	0.075004	0.65856	0.5051	-0.20994	0.45646	-0.015048	0.18323	-0.23158	-0.15599	0.55863	0.41545	0.1631	-0.14798	0.50216	0.83277	-0.14696	-0.082132	-0.13947	0.032715	0.20649	0.7185	0.01867	0.45754	0.2784	0.016992	0.4342	0.24937	-0.18561	-0.20164	-0.12287	0.060958	0.36453	0.22712	-0.078255	0.043594	0.00086013	0.076004	-0.09168	-0.030806	-0.27663	0.57094	0.28044	-0.28016	-0.24784	-0.021722	0.59624	0.1777	-0.096951	0.025904	-0.071663	0.061002	-0.086825	-0.29174	-0.047252	-0.15789	-0.14609	-0.00086557	0.12042	0.028694	-0.19285	0.1383	-0.010765	-0.1318	-0.11492	-0.16706	0.071045	-0.21888
0.54042	-0.054631	0.47552	-0.30066	0.38668	0.12955	0.42856	0.6699	-0.017274	0.6641	0.51862	-0.50951	0.98435	-0.37738	0.13287	0.18852	0.32281	0.30429	-0.017487	0.44305	0.12993	0.30262	0.38149	0.20071	-0.32532	0.035236	0.74995	0.2393	-0.32249	0.32762	0.50131	0.39848	0.12984	0.31324	0.35694	0.34919	0.26028	0.27798	0.36373	-0.0085718	0.016861	0.01698	0.2769	0.39911	0.28276	-0.29239	-0.143	0.30031	0.26645	-0.19216	-0.17084	0.012369	0.50501	0.34157	0.33444	0.37922	0.33859	0.29034	-0.24319	0.30456	0.50817	0.36936	0.30244	0.60589	-0.15582	0.31695	0.17004	-0.37711	-0.23473	0.46624	-0.096134	0.16937	-0.1881	0.34228	0.60033	-0.2907	-0.0021775	0.043046	0.16544	-0.011039	-0.43093	0.40036	0.4745	0.34049	0.37059	-0.19431	-0.27966	0.095893	-0.094476	-0.088678	0.20203	-0.3291	-0.20651	0.23548	0.14775	0.12428	0.14122	0.2169	0.02856	0.31555	0.27062	0.22284	0.19276	0.11953	0.21598	0.60073	-0.25329	0.10992	0.39919	0.30973	0.14178	-0.19192	0.011831	0.088684	0.070544	0.31062	0.30802	0.33141	0.379	0.12379	0.37615	0.37122	0.13027	0.18891	0.0069516	0.55415	-0.083493	0.37343	0.13382	0.29382	-0.124	-0.060966	-0.016988
0.095313	0.6945	0.34407	0.68237	0.21543	0.59378	0.3927	-0.24766	0.70079	-0.29042	-0.32699	0.65804	-0.37738	1.0118	0.54812	-0.019524	0.52688	0.14828	0.26145	-0.16779	0.15568	0.43423	0.051728	0.17372	0.55526	-0.11259	-0.016757	0.11267	0.46318	0.30157	-0.02487	-0.28189	-0.21399	0.06413	-0.23397	0.16404	0.33454	0.18143	0.16164	0.76733	0.48313	0.65043	-0.014779	0.11399	0.26114	0.48042	0.051643	0.1872	-0.084478	0.53406	0.078217	-0.44606	-0.14835	0.24016	0.3749	0.11778	0.29816	0.072747	0.79684	0.2082	0.027122	-0.037957	-0.030841	-0.18116	0.018882	-0.25738	0.54627	0.79592	0.363	0.057412	0.6488	0.26452	0.24087	0.096758	0.031645	0.61482	0.53562	0.5228	0.36376	0.4937	0.59886	0.15543	0.079567	0.13472	0.095859	0.45137	0.34319	0.33055	0.68291	0.58803	0.36595	0.36371	0.25715	0.065765	-0.32093	0.2499	0.05875	0.47597	0.46419	0.14201	0.30174	0.24551	0.38678	0.16134	0.32662	-0.1543	0.5731	0.29396	0.038702	-0.43263	0.21601	0.26723	0.43712	0.29962	0.041621	0.23034	0.21346	-0.0034602	0.16138	0.12546	0.078708	0.14825	0.23953	0.53616	0.38412	0.12313	0.30679	0.2	-0.0053209	0.22902	-0.23507	0.47483	0.082961
0.5289	0.82028	0.81758	0.18164	0.26798	0.86585	0.81479	0.070729	0.78447	0.11845	0.0098549	-0.03579	0.13287	0.54812	1.0046	0.37452	0.80478	0.62914	0.083834	0.15317	0.032952	0.69057	0.095259	0.08567	0.23974	-0.13054	0.46069	0.31854	-0.062455	0.38154	0.46201	-0.19299	-0.23926	0.12178	-0.085918	0.12923	0.41071	0.22377	0.25755	0.75327	0.49092	0.50481	0.047425	0.32087	0.27998	0.33837	0.23254	0.34688	-0.1692	0.25886	-0.15034	-0.40815	0.037119	0.23079	0.30523	0.18279	0.49347	0.10704	0.49254	0.25536	0.20095	0.24793	0.087719	0.099143	0.11501	-0.12098	0.83821	0.23655	-0.106	0.45232	0.31511	0.2027	0.20683	0.20676	0.27324	0.20827	0.26384	0.51041	0.70408	0.10294	0.013723	0.25762	0.20499	0.1708	0.04795	0.37762	-0.16459	0.28475	0.55269	0.40152	0.51189	0.055741	0.095232	0.26304	-0.21921	0.24396	-0.074373	0.32285	0.2671	0.16392	0.45255	0.18246	0.2881	0.17322	0.31449	0.092476	0.10607	0.049613	0.29509	-0.20719	0.43864	-0.081045	0.31522	0.32262	-0.0097587	0.25359	0.14552	0.037584	0.49263	0.094725	0.19411	0.47866	0.33775	0.59436	0.29187	0.39167	0.41902	0.26786	0.075792	0.28312	-0.24702	0.67038	0.31048
0.15548	0.34869	0.484	0.029119	0.14375	0.39163	0.34244	0.051987	0.2189	0.20369	0.22027	-0.13525	0.18852	-0.019524	0.37452	1.0094	0.31944	0.3702	-0.059336	0.32098	-0.10311	0.22873	-0.086364	-0.15778	-0.021942	-0.35084	0.20758	0.25923	-0.15549	0.098868	0.17411	0.045662	-0.14569	-0.020439	0.1772	-0.1209	0.25881	-0.13258	-0.0099117	0.24847	0.19828	0.12227	0.14758	0.12194	-0.080518	0.082055	-0.038142	0.027594	-0.097645	0.040678	0.070829	-0.14939	0.079921	-0.035321	0.18908	-0.051547	0.41578	-0.11887	0.075354	0.15621	0.3604	0.27178	-0.13206	0.52358	0.37696	0.15841	0.32861	-0.021968	-0.0055826	0.18933	0.063188	-0.15356	0.17308	0.039783	0.47565	-0.10918	-0.031881	0.18154	0.11693	0.13699	-0.20739	-0.011011	0.050054	-0.074102	0.13598	0.12861	-0.17194	-0.047887	0.34051	0.12913	0.14647	-0.059234	-0.016335	0.013218	-0.049537	-0.080175	-0.16837	0.22888	-0.040576	-0.094202	0.26953	-0.1099	0.066415	-0.11736	-0.07587	0.1073	-0.027374	-0.14847	0.10405	0.044671	0.43302	-0.11288	-0.13329	-0.071842	0.071255	0.012803	0.031129	0.059005	0.18439	-0.055009	0.070446	0.40177	-0.12512	0.31242	-0.091169	0.13123	0.33827	0.17272	-0.064931	-0.0013136	-0.21668	0.31269	0.20578
0.58901	0.74816	0.83377	0.32928	0.33632	0.74241	0.79454	0.19405	0.6143	0.14188	0.011755	-0.026136	0.32281	0.52688	0.80478	0.31944	0.99082	0.58546	0.24351	0.24621	0.14656	0.7026	0.18974	0.25403	0.27237	-0.14326	0.60465	0.42087	-0.060002	0.43956	0.41913	-0.17446	-0.22002	0.15384	-0.044462	0.28536	0.48482	0.31846	0.32043	0.73578	0.42036	0.61549	-0.037691	0.38264	0.37564	0.31147	0.11668	0.3993	-0.039594	0.32334	-0.12019	-0.51608	0.090673	0.38092	0.52873	0.28394	0.55002	0.13208	0.40566	0.30769	0.34223	0.36476	0.052759	0.36168	-0.019362	-0.17704	0.66118	0.3769	-0.10724	0.42198	0.44196	0.23112	0.21981	0.23725	0.48948	0.22458	0.34723	0.66369	0.52826	0.36547	0.066776	0.36443	0.29927	0.23239	0.33878	0.32805	-0.088087	0.36424	0.55143	0.52365	0.51174	0.043298	0.1979	0.23483	-0.3277	0.20801	0.077653	0.45339	0.37528	0.22194	0.56555	0.28098	0.51644	0.18315	0.38613	0.10014	0.26328	0.2089	0.22066	-0.29439	0.50376	-0.10377	0.32462	0.32111	-0.05456	0.37237	0.31739	0.10783	0.43275	0.10949	0.23521	0.47125	0.16992	0.74631	0.33451	0.40447	0.39018	0.34636	0.066311	0.38884	-0.18504	0.52144	0.20267
0.38992	0.5026	0.70176	0.2288	0.079051	0.55603	0.68186	0.15485	0.40282	0.20579	0.090944	-0.28244	0.30429	0.14828	0.62914	0.3702	0.58546	0.99656	-0.25542	0.26716	-0.22402	0.41896	-0.070108	-0.22021	-0.010879	0.1346	0.30606	0.24987	-0.19708	0.13671	0.20999	-0.085515	-0.11327	-0.03249	0.095567	-0.0075459	0.37512	-0.06561	0.18717	0.41598	0.058542	0.4326	-0.19827	0.14609	0.097214	-0.017493	0.30325	0.19185	-0.30291	-0.07525	-0.1784	-0.29432	0.05085	0.15237	0.35766	0.023996	0.47857	-0.037542	0.21863	0.15642	0.29225	0.44403	-0.074067	0.42796	0.18643	-0.06012	0.59875	0.049921	-0.16722	0.18747	0.012601	0.052178	-0.068575	0.05764	0.51398	0.18792	-0.11706	0.51643	0.46865	0.154	-0.29321	0.18457	0.084124	0.029954	0.083338	-0.027466	-0.18371	0.002832	0.39482	0.11726	0.24146	-0.33229	-0.19165	-0.094028	-0.17125	0.025938	-0.22795	0.11772	0.029602	-0.041258	0.40899	-0.01976	0.15623	-0.13258	0.16259	0.047634	0.17428	-0.1286	0.12099	0.00017793	0.28796	-0.22983	-0.042731	0.084086	-0.13691	0.12344	0.0042294	-0.05541	0.322	-0.21681	0.060144	0.44329	-0.023806	0.58741	0.068902	0.29847	0.60391	0.11363	-0.16235	0.16266	-0.0012164	0.3442	0.35851
0.23927	0.33101	0.13739	-0.11694	0.38014	0.1371	0.14813	0.31441	0.027905	0.059916	0.31259	0.18507	-0.017487	0.26145	0.083834	-0.059336	0.24351	-0.25542	1.018	0.23019	0.82315	0.011991	0.4372	0.77978	0.45273	-0.27845	0.15913	0.06581	-0.018756	0.46824	-0.00020909	-0.015759	-0.12081	0.23341	-0.054749	0.50184	-0.090847	0.5011	0.22541	0.22175	0.66088	-0.0048108	0.14219	0.19324	0.35248	0.61189	-0.036007	0.081847	0.7101	0.70419	-0.18973	-0.28659	0.14308	0.29257	0.022837	0.37396	0.13075	0.33618	-0.054387	0.19704	0.096374	-0.2514	0.34819	-0.15581	0.069993	-0.089283	0.050787	0.20095	-0.24752	0.02163	0.3854	0.26248	0.59994	0.17185	-0.071654	-0.17496	0.56841	-0.063028	-0.088664	0.10957	0.34497	0.2306	0.39954	0.40848	0.17288	0.29953	-0.11698	0.53312	0.12163	0.65882	0.23271	0.42575	0.76037	0.25994	-0.15443	0.23521	0.80266	0.27803	0.46484	0.58463	0.23413	0.54019	0.40086	0.3879	0.20414	0.26475	-0.1235	0.52239	0.11401	-0.19614	0.18923	0.19118	0.49887	0.26754	-0.13346	0.17266	0.57677	0.29261	-0.027451	0.62047	0.27924	0.02555	0.20284	-0.10997	0.50342	0.2057	-0.20358	0.41643	0.14035	0.1319	0.038597	0.24739	-0.038703
0.54613	0.027718	0.31115	-0.23173	0.51764	0.09126	0.30683	0.42054	0.047913	0.73393	0.46433	-0.32315	0.44305	-0.16779	0.15317	0.32098	0.24621	0.26716	0.23019	1.0091	0.43006	0.20631	0.47595	0.32167	-0.060654	-0.26458	0.595	0.60461	-0.22774	0.58908	0.45184	-0.10078	-0.23529	0.43995	0.33329	0.39965	0.36527	0.30295	0.32075	0.096622	0.16223	0.059267	0.28211	0.46323	0.26744	0.023227	-0.20441	0.24655	0.53505	0.080716	-0.042094	-0.26008	0.24176	0.35533	0.52093	0.42273	0.42312	0.37563	-0.18562	0.37279	0.52014	0.46236	0.31673	0.49779	-0.041016	0.38686	0.16416	-0.032222	-0.075689	0.42435	0.017541	0.11996	0.17411	0.41856	0.32224	-0.228	0.14531	0.014609	-0.0037692	0.020159	-0.20234	0.32926	0.49273	0.37793	0.28062	0.094478	-0.11947	0.25273	-0.068508	0.1753	0.22165	0.015446	0.10824	0.28087	0.1132	0.18931	0.39957	0.18728	0.21196	0.46712	0.29198	0.33986	0.3069	0.24997	0.17146	0.61033	-0.14879	0.35984	0.40083	0.22423	0.10018	0.046996	0.18251	0.14338	0.13924	0.28774	0.49084	0.43626	0.3592	0.42887	0.43471	0.33076	-0.018959	0.34009	0.15464	0.47571	-0.02337	0.48588	0.22237	0.23631	-0.12926	0.22947	0.11394
0.35769	0.24434	0.10955	-0.28689	0.57845	0.080889	0.20917	0.47348	0.070678	0.2917	0.46306	0.10366	0.12993	0.15568	0.032952	-0.10311	0.14656	-0.22402	0.82315	0.43006	1.0119	0.026076	0.6841	0.94819	0.45184	-0.27919	0.31584	0.21839	-0.0045022	0.66393	0.14942	-0.062581	-0.15587	0.42472	0.038711	0.7668	0.034471	0.68362	0.44093	0.21786	0.65878	0.050735	0.28727	0.39765	0.58023	0.62067	-0.3223	0.24645	0.7886	0.69096	-0.16148	-0.1399	0.28393	0.51618	0.19993	0.62371	0.14517	0.5556	-0.12574	0.29794	0.21154	-0.11185	0.59007	-0.12511	0.10334	0.053339	0.11339	0.19904	-0.13169	0.19148	0.39647	0.38313	0.58587	0.40431	-0.069884	-0.16573	0.72769	-0.018758	-0.0065111	0.12683	0.29183	0.45906	0.54434	0.62587	0.33364	0.34799	-0.035339	0.68596	-0.016471	0.64172	0.36771	0.4342	0.68218	0.41354	0.0009716	0.43293	0.92685	0.33596	0.61738	0.81711	0.25819	0.78136	0.53469	0.60214	0.4215	0.51389	-0.17431	0.75619	0.33575	-0.088145	0.18238	0.19343	0.64873	0.41271	-0.045493	0.35831	0.70081	0.51836	0.17564	0.79654	0.41393	0.12578	0.19381	-0.10651	0.5824	0.39917	-0.20892	0.57677	0.23211	0.27186	-0.18128	0.19492	-0.22923
0.31977	0.46693	0.62213	0.31684	0.37846	0.5552	0.59179	0.0045772	0.66221	0.14473	-0.19363	0.032751	0.30262	0.43423	0.69057	0.22873	0.7026	0.41896	0.011991	0.20631	0.026076	1.0044	0.18409	0.068227	0.019103	-0.2702	0.56993	0.15865	0.060493	0.42042	0.39867	-0.097319	-0.23329	0.29958	0.0039525	0.16026	0.57573	0.20813	0.16287	0.72913	0.38243	0.61071	0.2371	0.35192	0.21348	0.16164	-0.11724	0.29432	-0.078724	0.13977	0.29266	-0.42648	0.0091795	0.22552	0.49089	0.24948	0.532	0.0090564	0.45301	0.46284	0.42316	0.28493	-0.013581	0.27049	-0.070808	0.084111	0.57808	0.39237	0.27638	0.48728	0.38774	0.050528	0.11991	0.27994	0.43504	0.35407	0.40181	0.53147	0.38692	0.39426	0.077861	0.22243	0.30702	0.10063	0.43449	0.53947	0.15911	0.17927	0.48007	0.27479	0.61401	0.22135	0.02311	0.4001	-0.082604	0.12016	-0.09837	0.58494	0.24726	0.12991	0.39889	0.10044	0.41311	0.19542	0.18063	0.095973	0.43274	0.21981	0.31656	-0.17292	0.23727	0.059625	0.27447	0.1284	0.23407	0.36635	0.21925	0.32333	0.45203	0.17034	0.27509	0.40717	0.12511	0.71935	0.036534	0.42743	0.32323	0.34377	0.38081	0.27768	-0.36903	0.49184	0.19196
0.51047	0.12572	0.16755	-0.27599	0.71027	0.055714	0.24478	0.43675	0.18038	0.50798	0.30595	-0.15708	0.38149	0.051728	0.095259	-0.086364	0.18974	-0.070108	0.4372	0.47595	0.6841	0.18409	0.99122	0.63448	0.18325	-0.26914	0.66891	0.34582	-0.11419	0.66063	0.26032	-0.033013	-0.099839	0.72803	0.22734	0.90854	0.16367	0.77895	0.77571	0.17029	0.38232	0.19729	0.32278	0.77715	0.83289	0.27149	-0.24591	0.67845	0.7544	0.28614	0.0023418	-0.11211	0.48357	0.84114	0.31748	0.94304	0.28931	0.85539	-0.13526	0.44397	0.41326	0.019254	0.77022	0.046217	0.028082	0.20049	0.22001	0.023927	-0.092496	0.38058	0.43894	0.66712	0.31958	0.79969	0.13268	-0.1255	0.54119	0.098297	0.29123	0.11908	-0.026197	0.79111	0.57617	0.8947	0.48226	0.38131	-0.059172	0.76062	-0.053066	0.3744	0.55032	0.30294	0.14593	0.69294	0.10333	0.71604	0.62739	0.27638	0.71503	0.92396	0.1009	0.87895	0.6719	0.81676	0.70707	0.78294	-0.15216	0.74846	0.68308	0.027563	0.081823	0.16107	0.67091	0.67983	-0.0067965	0.80686	0.79884	0.61696	0.60677	0.79098	0.73375	0.26468	0.39423	0.055056	0.51152	0.6236	-0.21506	0.71102	0.49262	0.72362	-0.19646	0.10084	-0.21179
0.45526	0.26904	0.17006	-0.30538	0.56558	0.13227	0.26552	0.55512	0.095637	0.24697	0.47976	0.073802	0.20071	0.17372	0.08567	-0.15778	0.25403	-0.22021	0.77978	0.32167	0.94819	0.068227	0.63448	1.0082	0.4935	-0.1957	0.37878	0.26857	-0.03482	0.65364	0.27944	0.010059	-0.015578	0.4181	0.020539	0.75823	0.0062228	0.7566	0.47069	0.24178	0.63497	0.11437	0.28327	0.43389	0.6302	0.62338	-0.35101	0.32386	0.65134	0.69539	-0.24156	-0.088554	0.3796	0.534	0.20597	0.61366	0.12494	0.53996	-0.12243	0.25538	0.16333	-0.10473	0.61466	-0.11777	0.025287	-0.011206	0.15069	0.17844	-0.18023	0.27335	0.43599	0.46393	0.55436	0.40482	-0.065853	-0.17334	0.69925	0.04362	0.090771	0.10269	0.31347	0.5	0.55825	0.62696	0.29466	0.30581	-0.070302	0.71655	-0.023814	0.6585	0.35584	0.38172	0.7023	0.42361	-0.030937	0.44434	0.85997	0.33051	0.63167	0.76942	0.27725	0.77938	0.55715	0.59697	0.49002	0.47451	-0.17055	0.72128	0.34985	-0.033481	0.28756	0.06811	0.67716	0.47758	-0.055738	0.38785	0.66754	0.42863	0.21632	0.71819	0.40611	0.1471	0.25423	-0.06341	0.63515	0.41412	-0.26861	0.5576	0.20962	0.33306	-0.25772	0.17299	-0.31497
0.21326	0.43029	0.10398	0.044044	0.37979	0.20119	0.21559	-0.011352	0.33678	-0.17521	0.036711	0.42338	-0.32532	0.55526	0.23974	-0.021942	0.27237	-0.010879	0.45273	-0.060654	0.45184	0.019103	0.18325	0.4935	0.98142	-0.21867	-0.062987	0.25671	0.30546	0.43172	0.069035	-0.099919	-0.03878	0.20266	-0.13022	0.32296	0.020817	0.4921	0.28125	0.35088	0.62716	0.42581	0.10521	0.27415	0.37489	0.85999	-0.092038	0.28131	0.10154	0.8233	-0.13761	-0.096871	0.22525	0.37594	0.13231	0.24339	0.27429	0.25508	0.22594	0.15818	0.028168	-0.12661	0.26642	-0.17102	0.10849	-0.13825	0.23467	0.46288	0.10343	0.12133	0.48899	0.3724	0.61321	0.26829	-0.055017	0.21671	0.54013	0.19883	0.24405	0.18264	0.61122	0.23061	0.28593	0.37208	0.019044	0.38547	0.23435	0.63898	0.21702	0.71179	0.3128	0.50865	0.68824	0.067818	-0.12349	0.48398	0.38354	0.30364	0.67596	0.38118	0.43849	0.51802	0.48932	0.36565	0.45301	0.027269	0.15091	0.47591	0.20411	-0.19039	0.39955	0.15607	0.56501	0.50401	-0.095182	0.27122	0.42074	0.00093243	0.17468	0.4663	0.21645	0.16564	0.055596	0.045101	0.78587	0.20741	-0.02648	0.4002	0.043299	0.28503	-0.13259	0.38986	-0.20951
-0.02331	-0.24647	-0.043471	0.036024	-0.40651	0.014336	0.0588	0.14163	-0.30884	-0.10603	-0.013743	-0.10196	0.035236	-0.11259	-0.13054	-0.35084	-0.14326	0.1346	-0.27845	-0.26458	-0.27919	-0.2702	-0.26914	-0.1957	-0.21867	1.0405	-0.17828	-0.22977	-0.085653	-0.36109	0.012412	0.014183	0.37098	-0.23553	-0.015444	-0.26021	-0.36418	-0.13465	-0.18022	-0.23094	-0.30222	-0.16627	-0.24567	-0.3488	-0.24079	-0.33453	0.17603	-0.25771	-0.30422	-0.28063	-0.33296	0.21851	-0.072878	-0.28025	-0.19343	-0.27043	-0.42123	-0.219	-0.168	-0.20787	-0.31053	-0.055565	-0.17602	-0.2025	-0.031874	-0.13774	-0.238	-0.20102	-0.1413	-0.10094	-0.44998	-0.19249	-0.29948	-0.34331	-0.22632	-0.12842	-0.22649	-0.19959	-0.15511	-0.23508	-0.28876	-0.17942	-0.1842	-0.24625	-0.25912	-0.44996	-0.19264	-0.3159	-0.15451	-0.27897	-0.34564	-0.25843	-0.24337	-0.23695	0.045563	-0.24479	-0.2198	-0.20302	-0.38283	-0.29046	-0.087287	-0.25764	-0.3975	-0.26578	-0.20228	-0.23548	-0.08288	-0.34391	-0.2439	0.17864	0.025223	-0.26406	-0.3947	-0.22704	0.071742	-0.29934	-0.3059	-0.23334	-0.26226	-0.36003	-0.28816	-0.12195	-0.057314	-0.033636	-0.22523	-0.20107	0.0494	-0.43817	-0.077883	-0.19278	0.3716	-0.2299	-0.16707
0.75054	0.23934	0.60653	-0.2312	0.61067	0.34375	0.5849	0.51374	0.31323	0.65794	0.28889	-0.44226	0.74995	-0.016757	0.46069	0.20758	0.60465	0.30606	0.15913	0.595	0.31584	0.56993	0.66891	0.37878	-0.062987	-0.17828	0.99532	0.49263	-0.3124	0.61636	0.67705	0.024578	-0.075479	0.58556	0.2642	0.58481	0.35566	0.59063	0.57575	0.31446	0.27946	0.29347	0.36925	0.73276	0.5667	0.016788	-0.16154	0.63049	0.38877	0.047306	-0.086379	-0.21197	0.44389	0.62322	0.49848	0.67519	0.46537	0.55214	-0.077188	0.46083	0.54457	0.38911	0.48913	0.44976	-0.11646	0.28041	0.40211	-0.11086	-0.16403	0.68025	0.20986	0.41069	0.097813	0.65067	0.48272	-0.19442	0.30114	0.27063	0.41605	0.091458	-0.28648	0.62039	0.56719	0.59398	0.48814	0.25033	-0.25217	0.45591	0.064741	0.22584	0.55436	0.016366	-0.03075	0.60541	0.096544	0.4604	0.27268	0.34132	0.38646	0.58546	0.36301	0.51711	0.50556	0.50342	0.49058	0.66608	-0.16234	0.36653	0.64876	0.12113	0.32591	-0.11826	0.35916	0.44913	0.16836	0.63998	0.54122	0.48865	0.70077	0.46631	0.6285	0.47226	0.30568	0.45535	0.28649	0.68364	-0.037268	0.5869	0.436	0.60549	-0.26232	0.25593	-0.0073265
0.72541	0.24059	0.3522	-0.1161	0.56073	0.27323	0.39896	0.25453	0.25427	0.60862	0.29815	-0.18094	0.2393	0.11267	0.31854	0.25923	0.42087	0.24987	0.06581	0.60461	0.21839	0.15865	0.34582	0.26857	0.25671	-0.22977	0.49263	0.9992	-0.090729	0.648	0.58798	-0.053722	-0.088406	0.50472	0.32315	0.38335	0.49293	0.47698	0.57419	0.13304	0.1135	0.20632	0.24213	0.61176	0.4675	0.13039	-0.055718	0.56475	0.15603	0.13225	-0.094403	-0.17314	0.47284	0.49871	0.64237	0.45415	0.55253	0.39115	0.060304	0.37765	0.48112	0.5431	0.33935	0.35459	-0.13486	0.28251	0.32659	0.1411	-0.00026172	0.52331	0.23553	0.42386	0.064125	0.54424	0.29376	-0.044852	0.039067	0.21527	0.3935	-0.077251	0.002829	0.54615	0.51871	0.49919	0.050307	0.042011	-0.054997	0.45188	0.032618	0.30381	0.2407	-0.045744	0.096638	0.2406	0.08924	0.37494	0.1126	0.057953	0.40823	0.36477	0.37186	0.40423	0.39913	0.28929	0.51731	0.45939	-0.11123	0.35573	0.55785	0.17196	0.30912	-0.079954	0.35715	0.47781	0.15194	0.45925	0.40635	0.27812	0.58586	0.23901	0.51967	0.39949	0.097822	0.37919	0.37094	0.55843	-0.13133	0.50682	0.082381	0.51442	-0.10881	0.40485	-0.063982
-0.30806	0.044301	-0.13971	0.45377	0.011347	0.03216	-0.068434	-0.26523	0.31122	-0.25814	-0.23381	0.87931	-0.32249	0.46318	-0.062455	-0.15549	-0.060002	-0.19708	-0.018756	-0.22774	-0.0045022	0.060493	-0.11419	-0.03482	0.30546	-0.085653	-0.3124	-0.090729	0.98008	0.060712	-0.22374	-0.056446	0.022792	-0.11114	-0.092114	-0.01632	0.18629	-0.11349	-0.11197	0.21509	0.053679	0.25996	-0.044921	-0.19742	-0.015073	0.19193	-0.037388	-0.13756	-0.098317	0.19803	0.21202	-0.079575	-0.15841	-0.02682	0.14837	-0.09877	-0.043061	-0.12406	0.58486	0.0296	-0.089053	-0.14059	-0.16498	-0.13762	-0.069701	-0.1161	0.041835	0.52155	0.5243	-0.13905	0.31335	-0.0069818	0.019694	-0.16128	-0.11204	0.53167	0.29072	0.14921	-0.075562	0.42652	0.74251	-0.0817	-0.070166	-0.10521	0.068803	0.097923	0.8429	-0.032163	0.28878	0.047486	0.017713	0.35029	0.033671	-0.15722	-0.12519	-0.094529	-0.039622	0.27213	0.19137	-0.079444	0.037725	-0.016696	0.034624	-0.090665	0.017357	-0.17763	0.53373	0.27695	-0.19153	-0.1378	-0.048828	0.74212	0.12051	-0.089506	0.056292	-0.005087	0.027792	-0.075162	-0.18739	-0.10141	-0.12791	-0.15164	-0.0092244	0.11636	-0.045003	-0.11987	0.091536	-0.0072739	-0.10247	-0.052542	-0.099922	-0.023832	-0.17776
0.6993	0.37505	0.45547	-0.15747	0.9079	0.36321	0.52939	0.4209	0.49155	0.63024	0.40359	0.050491	0.32762	0.30157	0.38154	0.098868	0.43956	0.13671	0.46824	0.58908	0.66393	0.42042	0.66063	0.65364	0.43172	-0.36109	0.61636	0.648	0.060712	0.99874	0.57936	0.00075117	-0.11155	0.71442	0.33853	0.69245	0.47435	0.7554	0.69313	0.42925	0.62941	0.43178	0.51463	0.72804	0.68128	0.49158	-0.19732	0.59913	0.52165	0.52083	-0.034276	-0.19005	0.56632	0.66866	0.59252	0.71437	0.62016	0.59769	0.16397	0.63316	0.611	0.22298	0.62945	0.18916	0.027061	0.40256	0.50025	0.25203	0.15487	0.58419	0.53654	0.53664	0.36345	0.7092	0.29642	0.097642	0.55745	0.19939	0.40848	0.14513	0.23558	0.69199	0.8147	0.74279	0.28632	0.35855	0.11256	0.69556	0.20938	0.60302	0.58009	0.28644	0.41933	0.50983	0.20914	0.51909	0.52999	0.46712	0.71151	0.75519	0.44693	0.70987	0.63009	0.53764	0.6088	0.68483	-0.0079431	0.7604	0.72947	0.15428	0.37278	0.18042	0.71465	0.56508	0.23238	0.62597	0.77162	0.58349	0.66169	0.64719	0.77998	0.43446	0.28236	0.30669	0.54483	0.79463	-0.12166	0.86814	0.31394	0.58138	-0.23455	0.48332	-0.10626
0.71241	0.11831	0.50731	-0.44761	0.52755	0.36562	0.55931	0.38658	0.26682	0.65556	0.39392	-0.30621	0.50131	-0.02487	0.46201	0.17411	0.41913	0.20999	-0.00020909	0.45184	0.14942	0.39867	0.26032	0.27944	0.069035	0.012412	0.67705	0.58798	-0.22374	0.57936	0.98558	0.18058	0.094403	0.45432	0.37908	0.19178	0.29431	0.47695	0.36323	0.16614	0.2983	0.097173	0.40718	0.50303	0.25043	0.08385	-0.23792	0.38242	0.068089	0.1149	-0.12889	-0.017726	0.53215	0.20996	0.41133	0.31713	0.44298	0.22942	-0.10924	0.52073	0.46924	0.47287	0.27652	0.26958	-0.069993	0.43133	0.35088	-0.16875	-0.12187	0.87634	-0.022904	0.17796	0.098171	0.40897	0.27238	-0.31218	0.12661	-0.05279	0.30805	-0.27517	-0.17613	0.34971	0.63023	0.33528	0.025075	0.10516	-0.24951	0.26986	-0.013097	0.18431	0.25191	0.060246	0.13576	0.45454	0.21372	0.23198	0.048043	0.24764	0.15591	0.27341	0.48312	0.23583	0.11233	0.25255	0.24925	0.45296	-0.32489	0.16089	0.57192	0.33087	0.38957	-0.2542	0.20053	0.26841	0.31652	0.28777	0.33571	0.36238	0.53323	0.27456	0.49793	0.46708	0.13646	0.27229	0.19582	0.65724	-0.20116	0.43122	0.37721	0.34547	-0.27833	0.44105	-0.24218
-0.0071984	-0.24127	-0.01533	-0.26823	0.15008	-0.068612	0.031714	0.37389	-0.15176	0.22402	0.48641	-0.098139	0.39848	-0.28189	-0.19299	0.045662	-0.17446	-0.085515	-0.015759	-0.10078	-0.062581	-0.097319	-0.033013	0.010059	-0.099919	0.014183	0.024578	-0.053722	-0.056446	0.00075117	0.18058	0.93909	0.54798	0.079696	0.22413	-0.064543	0.018801	-0.021892	0.010266	-0.22068	0.044074	-0.22112	0.22205	0.059296	-0.05707	-0.12763	-0.14371	0.012751	0.0701	-0.043133	-0.13214	0.34985	0.58704	-0.063298	-0.0024217	-0.033602	0.18021	-0.0017024	-0.16691	0.17231	0.26141	0.15725	0.10305	0.24975	-0.051166	0.21234	-0.094531	-0.27219	-0.095817	0.12092	-0.13953	0.054506	-0.073081	0.030204	0.37022	-0.19572	-0.12467	-0.22718	-0.09881	-0.12467	-0.11076	-0.0090548	0.2954	0.06977	-0.079349	-0.17387	-0.082283	-0.032271	-0.10364	-0.11216	-0.09203	-0.084338	-0.042799	-0.02888	0.09942	-0.055584	-0.052604	0.11444	-0.083818	-0.017298	0.058754	-0.07645	-0.11276	-0.071157	-0.074743	0.28978	-0.21535	-0.077514	0.15278	0.42455	-0.10624	-0.11586	-0.10343	-0.065454	-0.064659	-0.028849	0.060375	0.022103	-0.0075292	-0.029193	0.11998	0.15024	0.013583	-0.28073	-0.079709	0.29734	-0.19156	0.16179	-0.06267	-0.007922	-0.086436	-0.034176	-0.17723
-0.072006	-0.29104	-0.089841	-0.16639	-0.03586	-0.12651	-0.05678	0.25172	-0.171	0.020755	0.23303	-0.036247	0.12984	-0.21399	-0.23926	-0.14569	-0.22002	-0.11327	-0.12081	-0.23529	-0.15587	-0.23329	-0.099839	-0.015578	-0.03878	0.37098	-0.075479	-0.088406	0.022792	-0.11155	0.094403	0.54798	0.96866	0.046071	0.28074	-0.11769	-0.18402	0.022469	-0.0084721	-0.26414	-0.12512	-0.13331	0.12834	-0.029312	-0.074592	-0.14848	0.0020319	0.019246	-0.11847	-0.12276	-0.1784	0.48746	0.42299	-0.073993	-0.11229	-0.073617	-0.14026	-0.022957	-0.14986	-0.064201	-0.052651	-0.043822	0.18069	0.0010481	-0.08908	0.12847	-0.21994	-0.2086	-0.0034365	-0.03266	-0.21997	0.15761	-0.15764	-0.063431	-0.00037833	-0.13728	-0.12944	-0.19484	-0.097533	-0.11003	-0.09879	0.0040261	-0.019696	0.023109	-0.11545	-0.27896	-0.009545	-0.094164	-0.20361	-0.16448	-0.15705	-0.090471	-0.085703	-0.085112	0.15346	-0.066379	-0.12289	-0.068854	-0.10993	-0.087873	-0.092775	-0.10182	-0.16721	-0.1128	-0.062412	0.085004	-0.1334	-0.11035	0.10344	0.67961	0.05865	-0.10781	-0.18539	-0.068584	0.064276	-0.026199	-0.049523	-0.10108	-0.0075882	-0.14733	0.0012509	0.032909	0.01942	-0.18987	-0.082392	0.033556	-0.17881	-0.046432	-0.065866	0.037026	0.053453	-0.1309	-0.22728
0.56963	-9.7097e-05	0.13871	-0.25641	0.81968	0.067583	0.21379	0.31597	0.22359	0.59589	0.21771	-0.15325	0.31324	0.06413	0.12178	-0.020439	0.15384	-0.03249	0.23341	0.43995	0.42472	0.29958	0.72803	0.4181	0.20266	-0.23553	0.58556	0.50472	-0.11114	0.71442	0.45432	0.079696	0.046071	1.0048	0.35518	0.62506	0.22262	0.77386	0.69439	0.1361	0.39263	0.28021	0.6257	0.82076	0.65169	0.23088	-0.21915	0.72047	0.45977	0.21987	0.20434	-0.043302	0.62615	0.65885	0.38204	0.77784	0.41947	0.63601	-0.094979	0.58181	0.52268	-0.0045459	0.64303	0.10171	-0.066544	0.56033	0.18171	0.041447	0.22783	0.51981	0.35463	0.54824	0.20682	0.8617	0.15606	-0.048081	0.41155	-0.032497	0.31389	-0.040352	-0.037574	0.68716	0.68782	0.74539	0.2739	0.41482	-0.014016	0.66212	-0.13707	0.25211	0.54572	0.33505	0.13118	0.68045	0.40793	0.61239	0.27867	0.30489	0.60129	0.66441	0.18986	0.63561	0.52808	0.68286	0.59621	0.68591	-0.087988	0.66045	0.87058	0.30716	0.092329	0.042792	0.58587	0.61173	0.36261	0.73773	0.61936	0.6161	0.73917	0.68203	0.81132	0.24904	0.2157	0.13337	0.37708	0.70789	-0.3687	0.74921	0.62161	0.68128	-0.19228	0.29652	-0.31437
0.28707	-0.20654	0.23626	-0.26916	0.46717	-0.11484	0.15097	0.21712	-0.1177	0.64202	0.41956	-0.15121	0.35694	-0.23397	-0.085918	0.1772	-0.044462	0.095567	-0.054749	0.33329	0.038711	0.0039525	0.22734	0.020539	-0.13022	-0.015444	0.2642	0.32315	-0.092114	0.33853	0.37908	0.22413	0.28074	0.35518	0.94141	0.13315	0.3093	0.20199	0.42902	-0.15088	0.02518	-0.11784	0.24046	0.22784	0.10532	-0.16785	-0.21792	0.087487	0.1519	-0.054806	0.092273	0.20209	0.56379	0.10617	0.38426	0.27808	0.44322	0.034897	-0.21717	0.62002	0.68902	0.33023	0.12608	0.41886	0.12421	0.60487	0.062274	-0.17427	-0.021327	0.41286	-0.005466	0.10234	-0.13814	0.22567	0.38465	-0.26703	-0.063802	-0.29986	-0.12057	-0.080499	-0.15336	0.37476	0.46965	0.2666	0.2032	-0.13855	-0.086894	-0.001799	0.0030957	0.0046599	-0.062415	-0.090555	-0.052248	0.19276	0.3019	-0.016488	-0.061003	0.1667	-0.014714	0.14917	0.23734	0.1108	-0.00030901	-0.011739	0.093228	0.36666	-0.20239	0.14803	0.39853	0.6071	0.041185	-0.057672	-0.10605	-0.063197	0.14395	0.26816	0.37063	0.56885	0.25811	0.065907	0.40569	0.33921	-0.12713	0.0025862	-0.10208	0.53494	-0.19154	0.37632	0.30613	0.29297	-0.065977	0.10069	-0.23849
