0.12598	-0.022043	-0.062018	0.019602	-0.012279	-0.10725	-0.062831	-0.0044246	-0.041729	-0.033504	-0.044079	-0.1677	-0.14472	0.078651	-0.021366	0.0011986	-0.01528	0.016503	-0.083566	0.099617	-0.012386	-0.15354	-0.05103	0.044695	0.23528	-0.056282	0.010486	0.12235	-0.17415	-0.078091	0.016848	-0.13339	0.23673	-0.0035326	-0.028309	0.0031382	-0.011683	0.079451	0.01379	-0.073986	-0.099524	0.1329	-0.050296	0.10324	0.0084652	0.04641	0.12044	0.081735	-0.13172	0.034486	-0.023772	-0.12816	-0.027457	0.058133	-0.019838	-0.037395	-0.037821	0.029394	-0.091649	-0.20737	-0.13289	-0.044509	0.019657	0.00032211	-0.1745	-0.13716	-0.10571	0.040183	-0.035278	-0.036087	-0.12594	0.17124	-0.11391	0.059368	-0.14472	-0.020736	0.0075547	-0.056535	-0.011989	-0.064204	-0.010476	-0.044707	-0.11985	-0.016945	0.019837	-0.0151	-0.10942	0.025859	-0.25052	-0.0025653	-0.071773	-0.0078065	-0.0721	-0.025492	-0.28489	0.39929	-0.093346	-0.064918	0.0060724	-0.023546	0.053576	0.10226	-0.053468	0.18469	0.18514	-0.047263	-0.033268	-0.22115	0.053343	0.13214	0.10713	-0.1336	-0.080027	0.19495	-0.048291	0.016782	-0.14642	-0.061812	0.035698	0.11299	-0.18173	-0.19672	-0.04369	0.025663	0.351	-0.063756	-0.16994	-0.053309	0.0039298	0.018173	-0.027728	-0.093797	0.10615
-0.022043	0.28792	0.23031	0.14968	0.10077	0.22897	0.17351	0.14205	0.12664	-0.13696	0.18002	0.24239	-0.080774	0.28685	0.075723	0.077003	0.099947	0.0079237	0.16617	-0.27636	0.092188	-0.068399	0.078826	0.13353	0.2473	0.066923	-0.1083	-0.15267	0.034044	-0.059145	-0.062497	0.30894	0.34978	-0.081028	0.15708	0.10852	0.13886	0.11553	0.14403	0.14439	0.11208	0.20167	-0.22759	-0.082682	0.12175	0.22471	-0.021161	-0.067081	0.018335	0.23504	0.094768	-0.17976	0.23663	0.078132	-0.057743	0.067309	0.24125	0.070533	0.14401	0.19157	0.17929	-0.00076342	-0.054429	-0.063455	0.47062	-0.16592	0.14011	0.29055	-0.072209	0.041335	0.23857	0.26375	0.089003	-0.045226	0.10901	0.087368	0.19006	0.074366	-0.053124	0.20839	0.14337	0.088203	0.039061	0.13182	0.12825	0.1173	-0.0067848	0.08287	0.27405	0.3391	-0.18056	0.051988	0.022424	-0.067435	-0.42956	0.30156	0.032051	0.30803	0.17731	0.045914	0.11351	0.2048	0.021598	0.14884	0.18554	-0.044308	0.090325	-0.068037	-0.032089	0.011394	0.25116	-0.021745	-0.0017355	0.1576	-0.28004	0.1292	0.090195	0.10244	-0.13961	0.062474	-0.0062891	0.054709	-0.19694	-0.15064	0.28616	0.12408	0.20524	0.072871	-0.020206	0.13624	-0.069323	0.07714	-0.31414
-0.062018	0.23031	0.082135	0.14986	-0.0094116	0.13599	0.059542	0.024744	0.11847	-0.22798	0.062488	0.21411	-0.20054	0.30157	0.054107	0.093378	0.081815	-0.083586	0.12597	-0.15538	0.13951	-0.10154	0.066533	0.19271	0.24238	-0.0037562	-0.11414	-0.10655	0.033616	-0.096291	-0.08483	0.068399	0.29083	-0.12725	0.00095146	0.090961	0.036263	0.070731	0.050566	0.18755	0.054069	0.21858	-0.29429	-0.058695	0.11486	0.23567	0.0035121	-0.063208	0.012184	0.2389	0.051002	-0.25649	0.021265	0.036415	-0.036617	0.032745	0.013599	0.055111	0.11829	0.015878	-0.061591	-0.098987	-0.072179	-0.13282	0.29611	-0.33573	0.095483	0.28536	-0.087108	0.022919	0.22185	0.18257	0.18864	-0.10064	-0.099196	0.090122	0.27561	0.088322	-0.035689	0.20395	0.18335	0.026082	-0.11626	0.052496	0.10772	0.16789	0.0081282	0.11227	0.14727	0.2721	-0.18338	0.14658	0.080661	0.020734	-0.57257	0.2267	0.066338	0.22208	0.16228	0.033211	0.069692	0.18669	0.066863	0.18785	0.16102	-0.11379	0.11184	-0.025361	-0.13166	-0.083586	0.21861	-0.015824	0.070322	0.1398	-0.28282	0.05527	0.063062	0.0014743	-0.16524	0.068542	-0.16267	-0.044985	-0.13974	-0.072012	0.2336	-0.039126	0.13268	-0.043787	-0.017144	0.078973	-0.08535	-0.010982	-0.1835
0.019602	0.14968	0.14986	0.17785	0.18911	0.10764	0.090224	0.14714	0.21616	-0.038682	0.16745	0.32125	0.089563	0.28007	0.089044	-0.081012	0.13361	0.014629	0.21587	0.013699	0.091785	0.12897	0.18655	0.11886	0.1068	0.012032	0.057989	-0.073374	0.25879	0.089832	0.052077	0.33573	0.23754	0.089652	0.1659	0.11045	0.18305	0.079692	0.12833	0.27479	0.14133	0.17016	-0.023484	0.036601	0.11565	0.08907	-0.056876	0.0083311	0.21513	0.18106	0.21759	-0.10031	0.21932	0.1275	0.075816	0.12774	0.26017	0.15432	0.26979	0.2621	0.18889	0.024483	0.088251	0.0034474	0.035633	-0.056728	0.21624	0.23617	0.027037	0.12222	0.26233	0.22633	0.10665	0.051833	0.1221	0.19209	0.13792	0.010661	-0.0045497	0.14398	0.25697	0.11004	0.14292	0.18132	0.067883	0.23676	0.24755	0.09137	0.25319	0.16501	0.032238	0.10829	0.024684	0.042616	-0.21917	0.091436	0.093616	0.25092	0.17669	0.18018	-0.042926	0.13031	0.1431	0.064612	0.074222	0.15331	0.17904	0.15916	0.070334	0.13296	-0.11902	0.24623	0.11557	0.03158	-0.23892	0.17386	0.28353	0.055898	0.02173	0.080501	0.15618	0.11778	0.05895	0.091452	0.12037	0.18339	-0.015411	0.21462	0.079671	0.1735	-0.15543	0.24021	-0.041091
-0.012279	0.10077	-0.0094116	0.18911	-0.037201	0.076608	0.012344	-0.0062262	0.12298	-0.21658	-0.14511	0.14112	-0.2166	0.26395	0.052157	-0.0019637	0.069124	-0.036699	0.016109	-0.095581	0.017551	0.01242	-0.10447	0.07922	0.24724	0.055409	-0.081412	0.020695	0.11183	-0.052062	-0.04621	-0.079989	0.14913	-0.047091	-0.25052	0.0058601	-0.038601	0.093501	-0.089223	0.054786	0.05577	0.23112	0.088257	0.048992	0.02949	0.13081	0.051452	0.083241	-0.20476	0.12219	0.1139	-0.13252	-0.091224	0.052846	-0.053841	-0.06564	-0.094659	-0.064705	0.21856	-0.15227	-0.1569	-0.10671	-0.00088249	-0.13668	-0.089333	-0.17765	-0.015584	0.24743	0.2165	-0.086205	0.038871	0.1497	-0.020361	0.036883	-0.15751	0.1876	0.15846	0.081367	0.021292	0.13636	0.13907	-0.074509	-0.1072	-0.072282	0.067627	0.1448	0.13152	0.06789	0.059091	0.067298	0.10631	0.19827	0.0042244	0.0035097	-0.21437	0.27406	-0.079906	0.15583	0.11612	-0.06082	-0.011093	0.074435	0.047005	0.16141	0.13932	-0.13375	0.23284	-0.053248	0.013261	-0.048558	0.11917	0.005407	0.017411	0.18993	0.026448	0.042984	-0.12136	-0.062273	0.0018244	0.090869	-0.1206	-0.16565	0.04661	0.17578	0.2593	-0.14432	0.019912	-0.012802	-0.0039361	0.0010851	-0.022182	-0.013857	0.11935
-0.10725	0.22897	0.13599	0.10764	0.076608	0.117	0.043348	0.052529	0.093199	-0.18156	0.085921	0.20724	-0.10135	0.25203	0.012723	0.069636	0.057421	-0.11197	0.20644	-0.21502	0.18935	-0.023569	0.099282	0.20571	0.20379	-0.038403	-0.1043	-0.20331	0.011917	-0.057922	-0.10026	0.21532	0.31063	-0.054315	0.075036	0.13709	0.10493	0.13004	0.074863	0.17047	0.12603	0.1455	-0.10348	-0.077293	0.11727	0.22739	-0.10922	-0.098613	0.051849	0.25597	0.15694	-0.24069	0.11744	0.058166	-0.05901	0.089853	0.12404	0.031167	0.096802	0.14994	0.090682	-0.070699	-0.061298	-0.10288	0.37455	-0.085914	0.06647	0.29529	0.0072112	0.00575	0.26174	0.17636	0.1834	-0.039607	0.01828	0.041552	0.29443	0.082688	-0.11178	0.26954	0.15166	0.058137	-0.022282	0.086835	0.2304	0.22308	-0.0035669	0.10771	0.21784	0.2727	-0.13519	0.12956	0.10538	0.0043461	-0.34788	0.20213	0.091884	0.31658	0.14437	0.059492	0.081753	0.2026	0.078085	0.17066	0.12912	-0.072018	0.091904	0.041468	-0.032459	-0.014551	0.21041	-0.0298	0.026398	0.083625	-0.13263	0.10883	0.089895	0.15317	-0.12907	0.1352	-0.05203	-0.0032403	-0.23773	-0.13852	0.19577	0.025932	0.15835	0.047559	0.070433	0.093486	-0.058005	0.059934	-0.29591
-0.062831	0.17351	0.059542	0.090224	0.012344	0.043348	0.00017309	0.060536	0.057674	-0.20962	0.015743	0.10977	-0.13087	0.2269	0.0011041	0.067587	0.010361	-0.053174	0.034436	-0.19753	0.12526	-0.10432	0.081104	0.1739	0.24145	0.011679	-0.11078	-0.16081	-0.015837	-0.11703	-0.10422	0.079459	0.26571	-0.1443	0.03225	0.12989	0.0019033	0.10641	0.11342	0.12001	0.021297	0.20129	-0.26646	-0.022496	0.14679	0.20371	-0.037836	-0.033117	-0.050956	0.21219	0.04486	-0.207	0.049099	0.071268	-0.052183	0.078766	-0.015615	0.030871	0.088721	0.041263	-0.025943	-0.063385	-0.060109	-0.11054	0.29622	-0.30417	0.091917	0.23416	-0.085656	0.030882	0.18518	0.19332	0.13573	-0.054318	-0.044532	0.074456	0.26638	0.081633	-0.011427	0.20474	0.099465	0.081241	-0.10045	0.061803	0.20211	0.18068	0.0039747	0.12633	0.11473	0.22779	-0.13035	0.12072	0.033644	0.049813	-0.54018	0.28863	0.012142	0.21413	0.1582	0.035461	0.043237	0.2187	0.10028	0.23557	0.23568	-0.13062	0.090738	-0.032787	-0.090609	-0.10384	0.22425	-0.068075	0.074815	0.17042	-0.33178	0.12961	0.047684	0.086439	-0.11772	0.068899	-0.18076	-0.063369	-0.13598	-0.1099	0.2594	-0.0071116	0.12434	-0.0098905	0.030806	0.14566	-0.076905	-0.11868	-0.1025
-0.0044246	0.14205	0.024744	0.14714	-0.0062262	0.052529	0.060536	-0.098695	0.047356	-0.09597	-0.036791	0.047066	-0.27497	0.17917	0.075427	0.045939	0.042983	0.075404	-0.077538	-0.061837	0.054524	-0.040657	-0.068308	0.081132	0.15032	0.015063	-0.17601	0.092634	-0.041558	-0.06673	-0.13424	-0.27168	-0.081843	-0.047066	0.047997	0.089884	0.13319	0.074347	0.10465	0.099156	0.062981	0.13196	-0.23595	-0.026484	0.13663	0.1538	0.036113	-0.035422	-0.29355	0.15191	0.08338	-0.2157	-0.10892	-0.020005	0.09697	0.044759	-0.023129	-0.27996	0.028592	-0.0095317	-0.030837	-0.031533	-0.19616	-0.032797	0.11987	-0.23316	0.10373	0.2368	-0.045073	-0.055039	0.13126	-0.027598	-0.023272	-0.080215	-0.084698	0.11343	0.2035	0.067015	0.027101	0.092606	0.07825	0.10454	-0.10802	-0.14609	0.17918	0.18186	-0.02418	0.077067	0.054272	0.054463	0.08526	0.09203	0.034276	0.068948	-0.36311	0.083387	-0.22601	0.048411	0.01866	-0.10409	0.058437	0.083969	0.0852	0.18089	0.18765	-0.28347	0.15244	0.0079477	-0.077743	-0.14775	-0.004348	-0.095458	-0.024782	0.045066	-0.20093	0.072989	-0.11175	0.13643	-0.026511	-0.04384	-0.32161	0.039817	-0.076406	0.051408	0.075924	-0.063716	0.05984	-0.044978	0.076385	0.04808	-0.014711	-0.0025949	0.02097
-0.041729	0.12664	0.11847	0.21616	0.12298	0.093199	0.057674	0.047356	0.17187	-0.097343	0.038633	0.34549	-0.055905	0.35737	0.028044	0.069185	0.071057	-0.11832	0.18492	-0.024948	0.10057	0.051464	0.088549	0.096228	0.25516	-0.0070542	-0.028343	-0.091449	0.25222	0.0083168	-0.022037	0.2199	0.23792	0.022134	0.04518	0.066066	0.088484	0.10504	0.018425	0.16732	0.080916	0.2143	0.14836	-0.019239	0.024806	0.13014	-0.11086	-0.057631	0.12825	0.22084	0.20549	-0.13653	0.12099	0.10336	0.046475	0.035449	0.20969	0.11045	0.3579	0.19368	0.13724	-0.027477	0.005298	-0.024844	0.018534	0.027005	0.056845	0.38775	0.29417	0.073042	0.15315	0.21626	0.09802	0.061764	0.038422	0.15469	0.22775	0.012272	-0.11611	0.28623	0.24323	-0.023349	0.05361	0.11697	0.13322	0.14929	0.20888	0.063769	0.15724	0.20864	-0.18368	0.21486	0.027965	-0.085759	-0.16386	0.26293	0.086098	0.45445	0.18463	0.05493	0.12496	0.15566	0.096762	0.090809	0.10326	0.020028	0.2179	0.058166	0.010479	0.04763	0.083156	0.18109	0.0027598	0.10103	-0.0006468	0.11081	0.1562	0.078273	-0.12531	0.18889	0.080092	0.052885	-0.10891	0.047173	0.27532	0.080128	0.044438	0.092932	0.066306	0.09406	-0.10199	0.16271	-0.078372
-0.033504	-0.13696	-0.22798	-0.038682	-0.21658	-0.18156	-0.20962	-0.09597	-0.097343	-0.10596	-0.15619	-0.1453	-0.26241	-0.076333	-0.067368	-0.00062226	-0.12205	-0.10338	-0.17585	0.11822	-0.097722	-0.15388	-0.19047	-0.069343	0.055917	-0.022088	-0.11483	0.12493	-0.094509	-0.1838	-0.069965	-0.37995	0.012659	-0.041609	-0.20454	-0.13486	-0.14546	-0.06454	-0.19541	-0.15192	-0.17968	-0.042431	0.0011205	-0.022504	-0.10876	-0.027755	0.089866	-0.03025	-0.24714	-0.088869	-0.028693	-0.087112	-0.28018	-0.11542	-0.13697	-0.16096	-0.34232	-0.15563	-0.11007	-0.40986	-0.36978	-0.12443	-0.094836	-0.057158	-0.2787	-0.1418	-0.18413	-0.053895	0.01222	-0.13133	-0.20988	-0.079405	-0.060275	-0.079736	-0.35444	-0.042926	-0.065032	-0.067029	-0.017347	-0.14407	-0.018818	-0.18908	-0.33948	-0.24197	-0.098806	0.0010333	-0.046875	-0.067588	-0.31541	-0.24746	-0.04665	0.026276	-0.052047	-0.054134	-0.11445	0.029044	-0.17396	-0.24271	-0.15454	-0.17963	-0.1118	-0.11195	-0.078805	0.03585	-0.030639	-0.1903	-0.016507	-0.16211	-0.075721	0.041456	-0.08258	-0.084986	-0.10857	-0.011547	0.018656	-0.14702	-0.3482	-0.21267	-0.045078	-0.036972	-0.36059	-0.26355	-0.013301	0.03632	0.021765	-0.32726	-0.15004	-0.25114	-0.034862	-0.1351	0.045157	-0.17446	0.14987
-0.044079	0.18002	0.062488	0.16745	-0.14511	0.085921	0.015743	-0.036791	0.038633	-0.15619	-0.11144	0.097872	-0.30435	0.16697	0.090442	0.068705	0.047352	0.052012	-0.084825	-0.062352	0.016493	-0.079822	-0.12747	0.037864	0.055389	0.13069	-0.17943	0.044266	-0.025271	-0.1108	-0.13041	-0.48384	-0.16304	-0.15044	-0.023036	0.0019607	0.0021097	-0.025323	-0.0080328	0.085	-0.05276	0.10475	-0.35181	-0.14816	0.025189	0.10696	0.027872	-0.13144	-0.30648	0.05512	0.015576	-0.16982	-0.27949	-0.10834	0.0029529	-0.037434	-0.18888	-0.22625	0.063926	-0.15202	-0.16085	-0.04483	-0.22376	-0.014777	0.13013	-0.30027	0.12489	0.19277	-0.10455	-0.064074	0.10804	-0.093284	-0.042916	-0.18446	-0.16622	0.092746	0.12913	0.13773	0.046458	0.13969	0.063321	-0.00056651	-0.23721	-0.21225	0.10207	0.06007	-0.066547	-0.019573	0.11166	0.1147	-0.011786	0.041505	0.034564	-0.019833	-0.32002	-0.011681	-0.15108	-0.041995	-0.039927	-0.18431	-0.010674	-0.026268	0.018587	0.06373	0.086213	-0.3462	0.11997	-0.092887	-0.1969	-0.20367	0.070382	-0.14971	0.0047672	-0.0068685	-0.20171	-0.019564	-0.24473	0.025074	-0.088245	-0.15747	-0.35311	-0.076477	-0.074089	0.095095	-0.028796	-0.23735	0.1414	-0.22465	-0.05038	-0.031019	-0.027942	-0.085997	-0.045842
-0.1677	0.24239	0.21411	0.32125	0.14112	0.20724	0.10977	0.047066	0.34549	-0.1453	0.097872	0.92551	-0.07105	0.43876	0.14655	-0.0044035	0.14925	-0.084315	0.21528	-0.19519	0.082938	0.14731	0.060726	0.082391	0.15	-0.04305	-0.13097	-0.12602	0.88571	0.12689	-0.052762	0.16135	0.031734	-0.07696	0.075722	0.15275	0.11366	-0.013165	0.044934	0.3722	0.24972	0.2494	-0.067162	-0.12021	0.13554	0.21696	-0.052243	-0.077877	0.036672	0.28428	0.22247	-0.062007	0.063046	0.074758	0.13743	0.086101	0.12852	0.023644	0.65595	0.22577	0.14518	0.012942	-0.010186	0.024661	0.1736	-0.064137	0.35492	0.36024	0.24264	0.019232	0.48852	0.21381	0.10954	-0.059822	0.13258	0.40115	0.27437	0.18559	0.044098	0.5474	0.65296	0.090005	0.1046	0.06611	0.18242	0.17952	0.57171	0.054847	0.65062	0.21401	0.17665	0.29842	0.073398	-0.019607	-0.14296	-0.052405	0.072774	0.4551	0.28072	0.058638	-0.045451	0.099708	0.16725	-0.038852	0.094774	0.037926	0.44059	0.33876	-0.054659	-0.048633	-0.076211	0.55038	0.232	-0.016461	-0.20403	0.19504	0.21454	0.033918	-0.021446	-0.058286	0.123	0.060669	0.21872	0.20813	-0.024728	0.008247	0.27226	0.18002	-0.071769	0.1109	-0.13425	0.10977	-0.25337
-0.14472	-0.080774	-0.20054	0.089563	-0.2166	-0.10135	-0.13087	-0.27497	-0.055905	-0.26241	-0.30435	-0.07105	-0.26308	0.087773	-0.057435	-0.14257	-0.054225	-0.06375	-0.14118	-0.13496	-0.088145	-0.015517	-0.13243	-0.059823	0.061684	0.046537	-0.15724	-0.10762	-0.0666	-0.20097	-0.13197	-0.18018	0.040649	-0.14205	-0.17275	-0.12065	-0.10192	-0.063135	-0.10128	0.0091388	-0.12074	0.036663	-0.1586	-0.06674	-0.065299	-0.018926	0.069301	-0.06182	-0.19574	-0.0010593	0.013651	-0.049701	-0.23375	-0.11652	-0.06078	-0.11349	-0.18421	-0.18176	-0.05423	-0.14549	-0.27443	-0.15181	-0.15879	-0.25237	-0.20668	-0.24792	-0.11394	0.093446	0.016508	-0.12751	-0.070629	-0.11643	-0.0056998	-0.12112	-0.25444	0.005359	0.052925	-0.0061807	-0.045298	-0.023213	0.0018456	-0.11411	-0.21671	-0.17209	-0.039288	0.073822	-0.015222	-0.03609	-0.16687	-0.1347	-0.089691	0.075724	-0.0063837	0.030386	-0.17817	-0.020855	-0.17527	-0.13469	-0.085183	-0.14119	0.010235	-0.082138	-0.007324	0.03581	-0.0087493	-0.30053	0.094092	-0.09342	-0.14605	-0.16882	-0.056729	-0.1043	-0.080458	-0.046902	0.0085683	-0.11744	-0.14733	-0.087807	-0.079081	-0.060194	-0.30254	-0.051772	0.016551	0.029518	-0.024614	-0.18796	-0.072737	-0.21218	0.071565	-0.08661	0.04556	-0.035114	0.1938
0.078651	0.28685	0.30157	0.28007	0.26395	0.25203	0.2269	0.17917	0.35737	-0.076333	0.16697	0.43876	0.087773	0.46557	0.19801	0.058636	0.24428	0.040037	0.24979	-0.082579	0.12469	0.22682	0.20128	0.17988	0.25174	0.032289	0.10138	-0.068357	0.32157	0.15387	0.090938	0.38139	0.34807	0.070049	0.11387	0.20744	0.23109	0.19848	0.19149	0.38474	0.24064	0.37495	0.026589	0.1317	0.2117	0.18405	-0.067479	0.12622	0.12876	0.27193	0.22539	-0.14031	0.30669	0.25436	0.12695	0.18199	0.3588	0.22232	0.44158	0.29582	0.28144	0.077536	0.16043	0.033861	0.070842	-0.048337	0.31477	0.3855	0.16098	0.15235	0.36268	0.45925	0.063856	0.16533	0.22645	0.26428	0.26559	0.14863	0.081323	0.35211	0.34724	0.18263	0.23774	0.26435	0.19847	0.25131	0.20746	0.19038	0.4462	0.37028	0.10042	0.20858	0.013528	0.092026	-0.2747	0.35985	0.10688	0.47753	0.34266	0.19659	0.053409	0.2671	0.20059	0.2137	0.26836	0.18425	0.30081	0.13134	0.14966	0.11601	0.15737	0.19182	0.15654	0.2698	-0.13767	0.30826	0.31516	0.14115	0.078893	0.19446	0.2541	0.090602	0.20293	0.2056	0.33189	0.25157	0.095661	0.27571	0.079184	0.2908	-0.17137	0.23358	-0.12654
-0.021366	0.075723	0.054107	0.089044	0.052157	0.012723	0.0011041	0.075427	0.028044	-0.067368	0.090442	0.14655	-0.057435	0.19801	-0.064655	0.039009	-0.0032781	-0.072199	0.13642	-0.057906	0.09781	-0.097213	0.096775	0.12884	0.17291	-0.00014077	-0.036906	-0.10522	0.024603	-0.053666	-0.027639	0.19327	0.34671	-0.025664	0.11324	0.089826	0.035725	0.085048	0.070776	0.069349	-0.019784	0.10689	-0.088967	-0.021233	0.060503	0.079506	-0.027421	-0.049208	0.12398	0.13316	0.056645	-0.18654	0.12864	0.072035	-0.00066483	0.0466	0.10484	0.12561	0.061384	0.11275	0.057687	-0.021709	-0.011445	-0.043138	0.13983	-0.070069	0.0066413	0.20497	-0.0041061	0.026376	0.09954	0.24209	0.057267	-0.010701	-0.013319	-0.014693	0.1325	-0.0043928	-0.12005	0.15606	0.12737	0.024554	0.0085431	0.13126	0.10874	0.040662	-0.017391	0.055353	0.049191	0.2008	-0.25854	0.088537	0.011978	-0.010755	-0.32301	0.24898	0.10777	0.20819	0.1047	0.069399	0.089076	0.17605	0.0072065	0.12317	0.13008	0.029672	0.037401	-0.031911	-0.021835	0.093305	0.15048	0.0057813	0.0048979	0.12251	-0.10915	0.072833	0.10263	0.093159	-0.14511	0.12678	-0.0077596	-0.093477	-0.12449	-0.093934	0.24376	0.068913	-0.0011619	-0.0015955	0.023706	0.093217	-0.05993	-0.036909	-0.20836
0.0011986	0.077003	0.093378	-0.081012	-0.0019637	0.069636	0.067587	0.045939	0.069185	-0.00062226	0.068705	-0.0044035	-0.14257	0.058636	0.039009	0.166	0.012962	0.039407	-0.087973	0.096322	0.052875	-0.13274	0.092591	0.04789	0.083269	0.16078	0.046658	-0.0036221	-0.10863	-0.0005029	0.09692	-0.24671	0.099568	0.05636	0.067649	-0.0060765	-0.13367	0.050982	-0.027899	0.061984	0.011757	0.18566	-0.029283	0.017695	0.022344	0.14602	-0.10983	0.0032433	0.0012044	0.066036	-0.052979	-0.044437	-0.043481	0.032531	-0.070024	0.015559	-0.10219	0.14376	-0.093602	-0.011316	-0.062546	-0.057585	0.032814	-0.020538	0.46019	0.020637	0.028133	0.017031	-0.030368	0.13767	0.067791	0.015047	0.26791	0.005732	-0.16304	-0.033564	0.17168	0.032964	-0.017114	0.083553	-0.058912	-0.025044	-0.16414	0.059898	0.021499	0.10993	-0.075172	0.04961	0.080822	0.10945	-0.14582	0.10415	0.035437	0.045522	-0.083769	0.07892	0.10726	0.14904	0.09648	0.049103	0.048757	0.099752	0.0052223	0.073738	-0.012307	0.041044	0.0010628	0.0075699	0.0024035	0.11949	0.24131	-0.11624	0.054165	0.073963	0.0098733	0.0045489	0.035574	-0.037658	-0.011347	0.09877	0.040532	-0.012668	-0.28689	0.025357	0.076808	-0.080108	0.27634	-0.046381	0.079199	0.035479	-0.036583	-0.059452	-0.31832
-0.01528	0.099947	0.081815	0.13361	0.069124	0.057421	0.010361	0.042983	0.071057	-0.12205	0.047352	0.14925	-0.054225	0.24428	-0.0032781	0.012962	0.088576	-0.11197	0.1783	-0.056369	0.11204	-0.030527	0.089355	0.16977	0.15219	-0.089342	-0.0049537	-0.065163	0.046752	-0.021125	0.0088559	0.20175	0.41991	-0.093889	0.14294	0.047333	0.11565	0.054711	0.074603	0.093845	-0.012995	0.16026	-0.23382	0.014481	0.053796	0.077239	0.057629	-0.022032	0.12037	0.13132	0.12536	-0.23183	0.10377	0.035979	0.016299	0.032696	0.12239	0.083936	0.10368	0.11571	0.054539	-0.026257	-0.0074963	-0.071547	0.056321	-0.22958	0.036232	0.22489	-0.061387	0.082117	0.1661	0.19345	0.050756	-0.046321	-0.013229	0.042663	0.17045	-0.045559	-0.096457	0.14015	0.12713	0.030526	0.0087619	0.1013	0.10808	0.097753	0.063148	0.040678	0.12045	0.22397	-0.17416	0.11928	0.033649	0.064868	-0.5405	0.23434	0.076362	0.18434	0.13344	0.07062	0.067708	0.13295	0.031386	0.11314	0.10867	0.01576	0.09175	-0.055907	-0.036833	0.049918	0.11244	0.055079	0.064225	0.099505	-0.23744	0.072045	0.16716	0.069284	-0.076707	0.069662	-0.031882	-0.03568	-0.074795	-0.019814	0.22835	0.054238	-0.031813	0.045603	0.028361	0.087325	-0.083761	-0.039144	0.017789
0.016503	0.0079237	-0.083586	0.014629	-0.036699	-0.11197	-0.053174	0.075404	-0.11832	-0.10338	0.052012	-0.084315	-0.06375	0.040037	-0.072199	0.039407	-0.11197	0.21495	-0.080803	0.044316	0.03895	-0.18686	0.13404	0.071933	0.21043	0.18449	-0.069898	-0.091994	-0.12407	-0.13984	-0.12614	0.040222	0.21321	0.012623	0.081413	0.052595	-0.18908	0.07344	0.092214	-0.0091733	-0.0606	0.15364	-0.16347	-0.026459	0.06308	0.14959	-0.08798	-0.041846	0.029389	0.10779	-0.10687	-0.20413	0.075292	0.10731	-0.038966	0.055286	-0.044753	0.15694	-0.15042	-0.050477	-0.094367	-0.084557	-0.012873	-0.061038	0.32555	-0.22788	-0.040329	0.076181	-0.16131	-0.017052	-0.022899	0.16489	0.13963	-0.032368	-0.074332	-0.010467	0.061329	-0.010654	-0.058569	-0.033596	0.0071232	0.036696	-0.081162	0.1214	-0.036171	0.031648	-0.034982	0.092118	-0.096298	0.13791	-0.21786	-0.0061056	-0.020791	-0.084853	-0.38228	0.25658	0.07752	-0.056459	0.12726	0.095222	0.0102	0.16406	0.067287	0.15035	0.1149	-0.00298	0.038642	-0.054741	-0.048274	0.12443	0.14767	-0.096873	-0.018486	0.1307	-0.28304	0.064061	0.070329	-0.083593	-0.12125	0.093818	-0.079322	-0.00036386	-0.26699	-0.084071	0.25145	0.022413	0.063984	-0.027499	0.039196	0.10297	-0.10719	-0.12209	-0.13047
-0.083566	0.16617	0.12597	0.21587	0.016109	0.20644	0.034436	-0.077538	0.18492	-0.17585	-0.084825	0.21528	-0.14118	0.24979	0.13642	-0.087973	0.1783	-0.080803	0.29923	-0.23022	0.0065716	0.15422	-0.12628	0.091437	-0.015383	-0.13732	-0.12136	0.0031386	0.085773	0.028259	-0.032906	0.22174	0.21326	-0.07472	0.00087079	-0.052762	0.22457	-0.0053181	-0.017894	0.083908	0.080941	0.0050345	-0.21194	-0.07209	-0.0090228	0.041179	0.18646	-0.0066212	-0.10535	0.0038811	0.15149	-0.20827	0.041258	-0.10723	0.0097026	-0.048462	0.19602	-0.18299	0.23409	0.14871	0.076694	0.019107	-0.10926	-0.058994	-0.13683	-0.10518	0.13798	0.32086	0.0072756	-0.051822	0.22507	0.060264	-0.16499	-0.092034	0.083726	0.12119	-3.4632e-05	0.063506	0.059467	0.094214	0.10995	0.0012007	0.10391	-0.065753	0.054133	0.064729	0.010101	0.018729	0.31528	0.32638	0.06192	0.16755	0.1501	0.08426	-0.2946	-0.0035758	-0.046109	0.099702	0.084352	-0.13207	-0.01685	-0.088875	-0.035091	-0.025581	0.0017696	-0.15403	0.15088	-0.052779	-0.047391	-0.064912	-0.049586	-0.0004095	0.16387	0.07176	-0.11859	0.061522	0.030176	0.097985	-0.029583	-0.096032	0.026879	-0.09085	0.041014	0.011024	0.040862	0.0099455	-0.0078204	-0.031638	-0.018677	0.022858	0.0065618	0.082787	0.04603
0.099617	-0.27636	-0.15538	0.013699	-0.095581	-0.21502	-0.19753	-0.061837	-0.024948	0.11822	-0.062352	-0.19519	-0.13496	-0.082579	-0.057906	0.096322	-0.056369	0.044316	-0.23022	0.44616	-0.19145	-0.08547	-0.2086	-0.12536	-0.070154	0.065036	0.023039	0.34078	-0.09909	-0.039413	0.14772	-0.35361	0.1954	0.15352	0.068283	-0.26256	-0.046088	-0.081688	-0.19599	-0.12717	-0.27144	0.032591	0.19194	0.054093	-0.19962	-0.20482	0.084541	0.012432	-0.26256	-0.24438	0.031006	-0.11421	-0.1611	-0.13881	0.048505	-0.19187	-0.20479	-0.11852	-0.078049	-0.2725	-0.22097	-0.0088262	-0.044458	0.18953	-0.49104	0.11088	-0.1541	-0.0032384	0.15169	0.026832	-0.27854	-0.11024	-0.24281	-0.013957	-0.25578	-0.024057	-0.20504	-0.17408	-0.022584	-0.2426	-0.11894	-0.18148	-0.19337	-0.2185	-0.22195	-0.097661	0.01317	-0.15017	-0.29446	-0.23025	-0.11373	-0.012028	-0.07802	-0.056205	0.012869	-0.070734	-0.20624	-0.17708	-0.16203	-0.22553	-0.11434	-0.24785	-0.1249	-0.12189	-0.14646	-0.03929	0.024436	-0.15103	0.059868	0.44467	-0.12641	-0.13205	-0.13075	-0.068937	0.19181	-0.1296	-0.23707	-0.22657	0.077957	-0.11599	-0.13095	-0.18465	-0.16969	0.24836	-0.053511	-0.20639	-0.25744	-0.18783	0.0028596	-0.10649	0.0039598	-0.081313	0.19977
-0.012386	0.092188	0.13951	0.091785	0.017551	0.18935	0.12526	0.054524	0.10057	-0.097722	0.016493	0.082938	-0.088145	0.12469	0.09781	0.052875	0.11204	0.03895	0.0065716	-0.19145	-0.0013148	0.088082	-0.20645	0.10721	0.034241	0.11441	-0.1357	0.02056	0.020372	8.1945e-06	0.05231	0.09037	0.15534	-0.090085	-0.015249	-0.023027	0.098646	0.072488	-0.0024906	0.061429	0.095817	0.098914	-0.081303	-0.02565	0.049427	0.075473	0.022008	0.0026032	-0.39299	0.058388	0.046678	-0.054458	0.062034	-0.11464	0.03695	-0.04829	0.0036825	-0.32983	0.10851	0.059245	0.041569	0.034215	-0.131	0.015455	-0.0064967	-0.07514	0.10532	0.19079	0.058166	0.0029346	0.11064	-0.053089	-0.14034	-0.070704	0.064626	0.067801	0.11648	0.077111	0.058201	0.11648	-0.016255	0.043863	0.10155	-0.17872	0.12013	0.056269	-0.011052	0.025149	0.20723	0.1469	0.13136	0.13623	0.09149	0.10838	-0.16317	-0.011636	-0.22638	0.19896	0.029034	-0.22232	0.060343	-0.064149	0.0015445	0.043514	0.09418	-0.22895	0.15139	-0.023398	-0.015691	-0.021532	0.12313	-0.19231	0.024468	0.053851	-0.023032	0.046934	-0.10677	0.11886	0.029518	-0.14078	-0.13413	-0.0086105	-0.0012594	0.072083	-0.021844	-0.014678	0.070301	-0.0032972	0.015884	-0.0011277	-0.028114	-0.037141	0.0047808
-0.15354	-0.068399	-0.10154	0.12897	0.01242	-0.023569	-0.10432	-0.040657	0.051464	-0.15388	-0.079822	0.14731	-0.015517	0.22682	-0.097213	-0.13274	-0.030527	-0.18686	0.15422	-0.08547	0.088082	0.057913	0.051807	0.12829	0.0020175	0.03378	-0.049386	-0.2132	0.066457	-0.064681	-0.02725	0.30729	0.38011	-0.0013563	-0.085872	0.028495	-0.027378	0.052251	-0.051774	0.12764	0.028658	0.029571	0.087814	0.021529	0.02051	-0.063573	-0.047546	-0.012568	0.11957	0.10155	0.10991	-0.20019	0.030239	-0.0066769	0.036224	0.010534	-0.059275	0.004466	0.12891	0.11322	-0.075834	-0.091349	-0.0085607	-0.19677	-0.13522	0.014699	-0.051523	0.23233	0.17052	-0.019474	0.073678	0.11788	0.047268	0.00077207	-0.099033	0.0098648	0.18173	-0.080341	-0.14313	0.11552	0.064854	-0.032261	0.024143	0.03304	0.13229	0.16322	0.046175	0.047377	0.04875	0.025936	-0.10545	0.19835	0.042711	0.14159	-0.20458	0.018654	0.068606	0.25097	0.046058	0.045169	0.0069591	0.054278	0.070915	0.068258	-0.0034602	0.0063037	0.1001	0.08513	-0.017545	0.037791	-0.10162	0.013236	0.05217	-0.0016977	0.091729	0.022597	0.15417	0.097668	-0.085003	0.1074	-0.017508	-0.048633	0.069356	0.0084239	0.028685	0.0063083	-0.08668	0.028594	0.13068	0.041658	-0.028772	-0.0073103	0.053512
-0.05103	0.078826	0.066533	0.18655	-0.10447	0.099282	0.081104	-0.068308	0.088549	-0.19047	-0.12747	0.060726	-0.13243	0.20128	0.096775	0.092591	0.089355	0.13404	-0.12628	-0.2086	-0.20645	0.051807	-0.29511	-0.15114	0.19221	0.095015	-0.15567	-0.022099	0.058076	-0.16329	-0.029786	0.097938	0.14446	-0.1515	-0.086261	-0.21769	0.051933	-0.097935	-0.12078	0.048568	0.030083	0.15223	-0.10361	-0.054332	-0.14305	0.047245	0.12715	-0.02127	-0.35079	0.046468	0.063754	-0.047435	-0.019986	-0.12418	-0.033207	-0.2305	0.076282	-0.29866	0.15715	0.00023498	-0.018002	0.037768	-0.2398	0.0042707	-0.090396	-0.18057	0.037375	0.16801	0.052357	-0.026361	-0.068839	-0.037175	-0.087407	-0.12222	0.058632	0.12831	0.015786	0.045946	0.027187	0.040116	0.069447	-0.14737	-0.08698	-0.20765	0.0071384	0.098881	0.042582	-0.064486	0.095316	0.010519	0.01477	0.11427	-0.046369	-0.043958	-0.27688	0.080125	-0.29683	0.097368	-0.03905	-0.23904	0.13512	-0.13012	-0.050948	-0.034271	0.024805	-0.24773	0.2124	-0.22449	-0.076851	-0.066834	0.073636	-0.065683	-0.10222	0.031414	-0.13881	-0.080235	-0.19741	-0.051381	-0.060558	-0.1184	-0.24186	-0.099514	-0.022066	0.14587	0.11282	-0.050264	0.066736	-0.0966	-0.041787	-0.044335	0.044759	0.021087	0.16222
0.044695	0.13353	0.19271	0.11886	0.07922	0.20571	0.1739	0.081132	0.096228	-0.069343	0.037864	0.082391	-0.059823	0.17988	0.12884	0.04789	0.16977	0.071933	0.091437	-0.12536	0.10721	0.12829	-0.15114	0.20634	0.061946	0.080532	-0.08691	0.025925	-0.0037926	0.074056	0.066468	0.049703	0.14922	-0.10464	0.023103	0.050473	0.1214	0.11457	0.046304	0.10832	0.14763	0.15548	-0.15138	0.0045267	0.085675	0.11696	0.048384	-0.0020227	-0.31494	0.14025	0.033816	-0.16154	0.044008	-0.091455	0.11755	0.0025226	0.036286	-0.29272	0.11007	0.10708	0.082219	0.030595	-0.11679	0.026373	0.0046053	-0.12838	0.13765	0.22097	0.010838	0.036639	0.14877	-0.025259	-0.11171	-0.059539	0.083431	0.064079	0.20649	0.064425	0.034201	0.17146	0.0095462	0.08125	0.167	-0.13936	0.20234	0.064629	-0.044566	0.055202	0.22945	0.22822	0.153	0.16046	0.15227	0.16028	-0.29072	0.055059	-0.13982	0.26002	0.068996	-0.15465	0.15113	0.0072823	0.039602	0.098934	0.13752	-0.20122	0.16178	-0.010882	-0.014012	-0.064843	0.16934	-0.19647	0.07877	0.074796	-0.045681	0.068755	-0.035343	0.20724	0.041803	-0.075789	-0.12255	0.024377	0.02159	0.13043	0.04298	0.040199	0.070558	0.054034	0.042054	0.0048612	-0.0065476	-0.02504	0.0626
0.23528	0.2473	0.24238	0.1068	0.24724	0.20379	0.24145	0.15032	0.25516	0.055917	0.055389	0.15	0.061684	0.25174	0.17291	0.083269	0.15219	0.21043	-0.015383	-0.070154	0.034241	0.0020175	0.19221	0.061946	0.31292	0.024673	0.13699	0.13115	0.1947	0.18204	0.079054	0.10297	0.12666	0.074026	0.059951	0.24319	0.064162	0.26983	0.3276	0.038752	0.10288	0.39173	0.03379	0.25135	0.28839	0.17383	0.062474	0.34533	-0.043763	0.1015	0.028136	-0.036151	0.30455	0.40142	0.041527	0.22286	0.24895	0.34331	0.30929	0.090723	0.2221	0.081457	0.28278	0.020481	0.14234	-0.035414	0.2352	0.16023	0.12055	0.098986	0.14718	0.54597	-0.15996	0.31367	0.20156	0.20573	0.096311	0.20122	0.29361	0.18496	0.12151	0.30523	0.22451	0.33951	0.052353	-0.0094975	0.12741	0.2446	0.24673	0.30285	0.16502	0.040222	-0.16715	0.028366	-0.13404	0.63839	0.039542	0.15437	0.43712	0.20565	0.044027	0.34854	0.13719	0.32307	0.47628	0.20553	0.17738	0.041357	0.25167	0.046657	0.37974	0.10816	0.12865	0.53935	-0.13821	0.38212	0.17219	0.062752	0.24504	0.18044	0.32712	0.018582	0.18803	0.14304	0.47705	0.2547	0.13124	0.29192	-0.064373	0.38295	-0.044642	-0.014048	-0.027782
-0.056282	0.066923	-0.0037562	0.012032	0.055409	-0.038403	0.011679	0.015063	-0.0070542	-0.022088	0.13069	-0.04305	0.046537	0.032289	-0.00014077	0.16078	-0.089342	0.18449	-0.13732	0.065036	0.11441	0.03378	0.095015	0.080532	0.024673	0.083638	-0.045405	-0.11944	-0.12651	0.01247	-0.057116	-0.03387	-0.22728	-0.0086867	0.042474	0.11958	0.036023	-0.013615	0.09449	0.21732	0.14938	0.073677	-0.039973	0.02013	0.091729	0.1089	-0.37649	-0.05901	-0.039948	0.13507	0.041179	0.068081	0.011032	0.053474	0.1208	0.1046	0.035772	0.022914	-0.08263	0.085913	0.093095	0.089569	0.01936	0.1228	0.21459	-0.025046	0.15709	0.014396	-0.051866	0.016505	0.14532	-0.058257	0.14191	0.034794	0.14456	0.054889	0.13346	0.10855	0.020962	0.10117	-0.011799	0.085289	0.055022	0.040731	0.10803	0.17433	-0.097077	0.095957	0.11893	0.12638	0.15794	0.001551	0.051296	0.078571	0.010873	0.011612	0.041399	0.064507	0.035947	0.088764	-0.028091	0.09032	0.10499	0.085672	0.061532	0.053625	0.074895	0.084329	0.014155	-0.063667	-0.023948	-0.17438	0.07998	0.00066885	-0.084746	0.061374	0.069651	0.10562	0.054845	0.062075	-0.029437	0.11143	-0.0086737	0.052473	0.0010328	0.065744	0.10273	0.050461	0.042838	0.021077	-0.25101	0.047304	-0.13283
0.010486	-0.1083	-0.11414	0.057989	-0.081412	-0.1043	-0.11078	-0.17601	-0.028343	-0.11483	-0.17943	-0.13097	-0.15724	0.10138	-0.036906	0.046658	-0.0049537	-0.069898	-0.12136	0.023039	-0.1357	-0.049386	-0.15567	-0.08691	0.13699	-0.045405	-0.032635	0.06184	-0.13482	-0.12381	0.044632	-0.05579	0.24357	-0.044915	-0.062177	-0.18792	-0.026194	-0.044023	-0.1178	-0.041385	-0.12289	0.10594	-0.00037453	0.070723	-0.13514	-0.051631	0.13731	0.039985	-0.1403	-0.016661	0.053943	-0.098527	-0.086783	-0.08194	-0.019982	-0.16972	-0.044652	-0.084868	-0.044294	-0.10742	-0.14652	-0.072445	-0.092901	-0.075613	-0.23001	-0.075472	-0.14994	0.046833	0.084083	0.015032	-0.12946	0.0039525	-0.026941	-0.0066049	-0.17459	-0.02188	-0.023123	-0.13128	-0.067672	-0.09108	-0.028447	-0.16564	-0.14263	-0.10661	-0.052673	0.032892	-0.057585	-0.060982	-0.18435	-0.10315	-0.15064	0.067944	-0.051535	0.024009	-0.21766	0.15432	-0.16928	-0.0040186	-0.071673	-0.12784	0.084551	-0.069331	-0.07494	0.013326	-0.0025448	-0.10657	0.031586	-0.22423	-0.0031956	0.066434	0.052816	-0.12584	-0.091695	0.047955	0.094808	-0.10532	-0.10851	-0.096801	-0.009231	0.026427	-0.15532	-0.14425	-0.047079	0.085358	0.15414	-0.098328	-0.14538	-0.09884	0.062369	-0.055653	0.051928	-0.04751	0.20469
0.12235	-0.15267	-0.10655	-0.073374	0.020695	-0.20331	-0.16081	0.092634	-0.091449	0.12493	0.044266	-0.12602	-0.10762	-0.068357	-0.10522	-0.0036221	-0.065163	-0.091994	0.0031386	0.34078	0.02056	-0.2132	-0.022099	0.025925	0.13115	-0.11944	0.06184	0.2131	-0.073758	0.012185	0.056262	-0.29392	0.14121	0.060329	0.045644	-0.031039	-0.054839	0.040371	-0.059696	-0.19777	-0.10887	0.039608	0.056248	0.11408	-0.050703	-0.013757	0.1253	0.053829	-0.018619	-0.036735	-0.012019	-0.1328	-0.083283	0.043358	-0.080208	-0.048662	-0.14711	0.063243	-0.13315	-0.30059	-0.12918	-0.011686	0.094233	0.13131	-0.28718	-0.024916	-0.17458	-0.072342	-0.032937	-0.045749	-0.18202	0.095097	-0.15122	0.067446	-0.18191	-0.062352	-0.068157	-0.19408	-0.078113	-0.14034	-0.021381	-0.088839	-0.12837	-0.04331	-0.056394	-0.059098	-0.0031361	-0.030952	-0.22451	-0.082623	0.0077868	0.0021627	-0.051076	-0.056572	-0.16527	0.27122	0.0032243	-0.14605	-0.0050507	0.017954	-0.10167	0.029388	-0.064093	0.096349	0.051991	0.097669	-0.076834	-0.13381	0.096818	0.25311	-0.054639	0.019285	-0.081496	0.098828	-0.069898	-0.019297	-0.12093	-0.13113	0.07164	0.10793	-0.11416	-0.29386	-0.022383	0.050477	0.25173	-0.15134	-0.23479	-0.0069609	-0.041236	-0.038736	0.034373	-0.22338	0.19483
-0.17415	0.034044	0.033616	0.25879	0.11183	0.011917	-0.015837	-0.041558	0.25222	-0.094509	-0.025271	0.88571	-0.0666	0.32157	0.024603	-0.10863	0.046752	-0.12407	0.085773	-0.09909	0.020372	0.066457	0.058076	-0.0037926	0.1947	-0.12651	-0.13482	-0.073758	1.0044	0.082925	-0.074677	0.10475	-0.0057298	-0.038458	0.041527	0.13384	0.048983	-0.027011	0.026928	0.23413	0.12816	0.21687	-0.0011608	-0.084759	0.1158	0.15272	0.0091616	-0.04031	0.027287	0.20674	0.22276	-0.04741	0.017192	0.099579	0.13648	0.079603	0.044374	0.011558	0.61508	0.17346	0.061866	-0.013028	-0.025152	0.010678	-0.070563	-0.055195	0.20063	0.30983	0.33456	0.014895	0.31833	0.15161	0.053166	-0.035711	0.058161	0.4024	0.25283	0.13007	0.017383	0.47971	0.64002	0.077612	0.086326	0.044345	0.15777	0.12735	0.76454	0.047684	0.4078	-0.00030353	0.17646	0.32228	-0.0090971	-0.047451	-0.099114	-0.045254	0.0088095	0.37954	0.27045	0.057963	-0.062201	0.095663	0.19727	-0.024364	0.12948	0.029564	0.43434	0.43512	-0.048765	-0.053032	-0.17316	0.66248	0.17244	-0.039839	-0.2063	0.20253	0.21518	-0.023775	-0.01472	-0.055258	0.067296	-0.0054991	0.15601	0.18209	-0.046537	-0.019171	0.14333	0.16682	-0.039862	0.1211	-0.073149	-0.0048054	-0.12623
-0.078091	-0.059145	-0.096291	0.089832	-0.052062	-0.057922	-0.11703	-0.06673	0.0083168	-0.1838	-0.1108	0.12689	-0.20097	0.15387	-0.053666	-0.0005029	-0.021125	-0.13984	0.028259	-0.039413	8.1945e-06	-0.064681	-0.16329	0.074056	0.18204	0.01247	-0.12381	0.012185	0.082925	-0.059387	-0.017635	-0.053291	0.20024	-0.084613	-0.16736	-0.07165	-0.12323	0.040436	-0.15501	-0.055805	0.013415	0.12581	0.1064	-0.011623	-0.065363	0.08116	-0.02362	-0.0044309	-0.21754	0.10108	0.064093	-0.10307	-0.083364	-0.045211	-0.04969	-0.12504	-0.14887	-0.09653	0.11855	-0.19316	-0.16876	-0.08261	-0.015698	-0.051628	-0.17212	-0.042029	-0.12067	0.17917	0.22296	-0.092071	-0.021149	0.068151	-0.077357	-0.00036439	-0.14997	0.071491	0.062912	-0.05023	-0.072336	0.079268	0.099363	-0.14374	-0.083111	-0.12734	0.0088007	0.013953	0.066105	-0.00030444	0.018364	0.077164	0.0076137	0.17615	0.079938	-0.049803	-0.13128	0.18309	-0.050323	0.13649	0.069636	-0.13141	-0.015632	-0.025427	-0.025224	0.041483	0.020569	-0.12831	0.15171	-0.089082	-0.023707	0.065682	0.065481	-0.068712	-0.0097812	0.10248	0.10194	-0.028275	-0.11613	-0.11952	-0.029688	0.046614	-0.096026	-0.15466	-0.018075	0.094598	0.20717	-0.19586	-0.055933	-0.047225	-0.033892	-0.071868	-0.014619	-0.11912	0.075409
0.016848	-0.062497	-0.08483	0.052077	-0.04621	-0.10026	-0.10422	-0.13424	-0.022037	-0.069965	-0.13041	-0.052762	-0.13197	0.090938	-0.027639	0.09692	0.0088559	-0.12614	-0.032906	0.14772	0.05231	-0.02725	-0.029786	0.066468	0.079054	-0.057116	0.044632	0.056262	-0.074677	-0.017635	0.018784	-0.29572	0.11117	-0.03537	-0.11373	-0.0054445	-0.075607	0.012407	-0.10879	0.03016	-0.068764	0.12073	0.087513	0.087409	-0.037399	-0.003758	0.0078998	0.036503	-0.032754	0.021077	0.029889	-0.13873	-0.20385	0.0030874	0.031018	-0.051383	-0.20955	0.065148	1.1513e-05	-0.21071	-0.18927	-0.086756	0.048691	-0.018574	-0.1673	-0.02317	-0.15472	0.018706	0.15249	-0.028386	-0.041962	0.044197	0.027185	0.047224	-0.22332	0.0042229	0.079758	-0.028919	-0.07029	0.065797	0.0063887	-0.11022	-0.15188	-0.040994	0.058681	0.0050309	-0.054048	-0.012093	-0.12309	-0.025004	-0.023954	0.095196	0.0064243	0.065491	-0.10336	0.16742	0.04423	0.081078	-0.015587	-0.016888	0.027028	0.040125	-0.028727	0.063654	0.0211	0.012595	0.039543	-0.087103	0.012608	0.063282	0.1135	-0.076469	0.0043331	0.075895	0.22591	-0.043702	-0.075996	-0.070473	0.037189	0.12598	-0.072098	-0.18511	0.0050063	0.15749	0.14398	-0.17474	-0.059131	-0.078239	0.028046	-0.070932	0.0090728	-0.12616	0.09223
-0.13339	0.30894	0.068399	0.33573	-0.079989	0.21532	0.079459	-0.27168	0.2199	-0.37995	-0.48384	0.16135	-0.18018	0.38139	0.19327	-0.24671	0.20175	0.040222	0.22174	-0.35361	0.09037	0.30729	0.097938	0.049703	0.10297	-0.03387	-0.05579	-0.29392	0.10475	-0.053291	-0.29572	-0.1207	-0.18143	-0.054901	-0.33975	0.14155	0.073178	0.1005	0.060192	0.3298	0.14741	0.19311	-0.13877	-0.058497	0.15282	0.1491	0.19407	0.038839	0.032925	0.13554	0.14318	-0.3087	-0.25346	0.12429	-0.034645	0.11507	0.057313	-0.025798	0.26955	0.084713	-0.10745	-0.19135	-0.085925	-0.4224	0.055732	-0.23169	0.13096	0.40004	0.12789	-0.18826	0.26311	0.063648	0.092796	-0.00093394	-0.079158	0.23783	0.27291	0.3043	0.11188	0.2462	0.12025	0.087613	-0.062826	0.050532	0.20697	0.30115	0.10648	0.13537	0.2567	0.18792	0.18255	0.14493	0.051267	0.093857	-0.14181	0.092649	0.046551	0.12844	0.17965	0.08793	0.02178	0.13377	0.21808	0.14322	0.1335	-0.26865	0.28288	0.15903	-0.088861	-0.51467	0.040393	0.15808	0.14805	0.096509	0.023138	0.13005	0.088554	0.11235	-0.027059	0.081355	-0.036744	-0.028969	0.11207	0.057751	0.090053	-0.043764	0.23398	-0.014117	0.14279	0.10051	0.07785	0.15619	0.18799
0.23673	0.34978	0.29083	0.23754	0.14913	0.31063	0.26571	-0.081843	0.23792	0.012659	-0.16304	0.031734	0.040649	0.34807	0.34671	0.099568	0.41991	0.21321	0.21326	0.1954	0.15534	0.38011	0.14446	0.14922	0.12666	-0.22728	0.24357	0.14121	-0.0057298	0.20024	0.11117	-0.18143	-0.22737	0.066318	-0.13164	0.17135	0.23438	0.14015	0.11233	0.35021	0.17156	0.31752	-0.048023	0.14727	0.16889	0.15453	0.1161	0.1067	0.099645	0.18962	0.1038	-0.70138	-0.14799	0.16268	0.26891	0.1484	0.23981	0.091571	0.20783	0.14869	0.097535	0.059562	-0.091448	0.00083548	0.046761	-0.11874	0.23255	0.25945	0.024551	0.17003	0.25474	0.098245	0.1605	0.10667	0.078095	0.13138	0.23789	0.25053	0.12541	0.19371	0.1072	0.11036	0.11832	0.10148	0.18135	0.24036	0.011489	0.1477	0.24626	0.19836	0.17334	0.081737	0.074752	0.15321	-0.38748	0.18995	0.091267	0.23762	0.17339	0.15009	0.27541	0.18437	0.20346	0.1584	0.16626	0.030262	0.24087	0.11566	0.075965	-0.32573	0.21836	0.074288	0.17476	0.14233	0.064061	0.14451	0.15788	0.1038	0.14075	0.16568	0.079969	0.050165	-0.010669	0.38241	0.19105	0.13888	0.15871	0.15875	0.14138	0.11452	0.02761	0.20796	0.15342
