0.88677	0.28445	0.48316	-0.25751	0.59737	0.38063	0.51449	0.50887	0.25049	0.56988	0.37784	-0.37584	0.44944	0.1626	0.41824	0.10131	0.44783	0.2714	0.11921	0.493	0.32781	0.14719	0.50686	0.44014	0.36352	-0.0041833	0.67064	0.63978	-0.33588	0.57964	0.65545	0.13471	0.50078	0.51663	0.17296	0.66744	0.68233	0.20146	0.27775	0.32442	0.32378	0.65367	0.58587	0.22107	0.047695	0.60478	0.17833	0.24852	-0.36184	-0.25609	0.63741	0.57556	0.39382	0.54989	0.4219	0.68469	-0.098651	0.2513	0.36071	0.18425	0.55946	0.17552	-0.098663	0.19051	0.38356	-0.033821	-0.11484	0.51754	0.15883	0.54604	0.049428	0.59742	0.16322	-0.1879	0.1949	0.1024	0.54028	-0.18237	-0.16857	0.60505	0.59461	0.6442	0.070032	0.053362	-0.33139	0.51586	-0.11074	0.28681	0.28878	-0.097321	0.078935	0.30811	0.015841	0.64938	0.24456	0.16117	0.39873	0.57692	0.42006	0.59763	0.33131	0.46234	0.63128	0.6705	-0.28368	0.20006	0.63407	0.24144	0.46254	-0.32509	0.4097	0.61508	0.18611	0.47313	0.22251	0.66999	0.45214	0.48133	0.21601	0.24954	0.25015	0.62833	0.71443	-0.18893	0.53141	0.18616	0.51594	-0.11737	0.20768	0.20043	-0.086125
0.28445	0.89926	0.65078	0.30609	0.22796	0.76474	0.57112	0.10502	0.64765	-0.21982	0.050718	0.20882	-0.15341	0.67463	0.69098	0.34095	0.59105	0.33385	0.35826	-0.10514	0.25615	0.27419	0.17391	0.28548	0.52757	-0.37886	0.11093	0.11459	0.026228	0.2622	0.016611	-0.3668	-0.10215	0.30372	0.31954	0.25113	0.35984	0.64826	0.4944	0.49498	-0.12887	0.14478	0.41313	0.56232	0.22002	0.20949	-0.018944	0.53588	-0.17459	-0.46889	0.060556	0.35375	0.1247	0.21765	0.51022	0.29465	0.49157	0.1069	0.093599	0.00356	0.1287	-0.11638	0.35561	-0.33575	0.76579	0.46949	-0.091795	0.055399	0.59147	0.42747	0.34808	0.11757	0.22084	0.29919	0.3425	0.5877	0.58746	0.31613	0.25737	0.30879	0.054186	0.31951	0.083083	0.30481	-0.052574	0.37468	0.61481	0.61153	0.23316	-0.0076813	0.22713	-0.045166	-0.41217	0.37994	0.22438	0.31355	0.45604	0.31524	0.33206	0.40434	0.39463	0.18986	0.43013	-0.0022293	0.16195	0.124	0.085976	-0.47886	0.49762	0.028374	0.42456	0.39719	-0.2426	0.25238	-0.086664	0.18505	0.13062	0.079717	0.3077	0.23682	0.20855	0.53128	0.23989	0.4405	0.29434	-0.24992	0.28462	-0.27211	0.4035	0.51947	0.29626
0.48316	0.65078	0.77273	0.080196	0.26218	0.69318	0.64071	0.27074	0.52969	0.12771	0.18162	-0.10151	0.33062	0.37556	0.69743	0.493	0.6394	0.44746	0.10464	0.25086	0.14959	0.39089	0.17433	0.21814	0.24943	-0.19109	0.47508	0.20898	-0.15198	0.2938	0.37778	-0.12759	-0.0019597	0.21363	0.27996	0.24709	0.28049	0.57559	0.34507	0.44837	0.049851	0.24337	0.30254	0.29167	0.11078	0.21725	-0.1189	0.30088	-0.29445	-0.43405	0.14251	0.28143	0.29052	0.20198	0.45632	0.22997	0.24421	0.16651	0.24215	0.19374	0.096859	0.25081	0.23734	-0.069771	0.69455	0.19319	-0.1146	0.35769	0.32452	0.22628	0.23539	0.16533	0.43719	0.030124	0.26874	0.45102	0.51854	0.22759	-0.046008	0.27357	0.16689	0.22223	0.20409	0.18338	-0.20801	0.22628	0.44031	0.38074	0.17687	-0.12522	0.085092	0.058832	-0.24747	0.26352	0.084053	0.35559	0.25319	0.2167	0.46382	0.27011	0.29818	0.11648	0.30309	0.18487	-0.021335	0.018838	0.19521	-0.1269	0.59189	-0.17735	0.20779	0.24797	0.018111	0.20671	-0.010553	0.32824	0.09843	0.11958	0.42179	0.1139	0.3706	0.34212	0.36012	0.38819	0.28195	-0.052076	0.2505	-0.29813	0.29706	0.31542	0.2681
-0.25751	0.30609	0.080196	0.94273	-0.15951	0.17532	-0.061098	-0.33868	0.36907	-0.51978	-0.52522	0.53796	-0.29799	0.60946	0.10788	-0.047413	0.27595	0.1258	-0.021787	-0.21515	-0.27666	0.27808	-0.21899	-0.2595	0.080647	-0.21327	-0.22926	-0.13508	0.4715	-0.17198	-0.46889	-0.22846	-0.24634	-0.14539	0.43894	-0.31558	-0.16085	0.47444	-0.17995	0.48472	-0.28255	-0.24189	-0.07159	-0.03628	0.27581	-0.12678	-0.23931	-0.012227	0.32935	-0.44075	-0.47535	0.014336	0.24085	-0.20669	0.22775	-0.2154	0.67761	-0.06697	-0.048272	-0.04221	-0.4155	0.022477	-0.052454	-0.36401	0.25108	0.67094	0.39847	-0.35897	0.46864	0.028951	-0.1486	-0.22095	0.2126	0.77573	0.013871	0.51788	0.04151	0.56927	0.46239	-0.13864	-0.34249	-0.22347	0.13835	0.1742	0.56154	-0.18872	0.53833	0.086879	-0.024129	-0.065905	-0.20698	-0.34347	-0.41292	-0.11492	-0.28862	0.19991	0.077623	-0.25404	-0.19386	-0.18055	0.17805	-0.25982	-0.027035	-0.44053	0.74597	-0.0014149	-0.3264	-0.44195	-0.10108	0.44541	-0.0064666	-0.13943	-0.18508	0.024597	-0.3231	-0.20863	-0.37166	-0.23064	-0.15417	-0.11236	0.42562	-0.055226	-0.27701	0.37226	-0.093406	-0.25675	-0.0014	-0.043647	0.021656	0.56487	0.47944
0.59737	0.22796	0.26218	-0.15951	0.9691	0.23486	0.33287	0.37654	0.43868	0.52238	0.27963	0.043669	0.18788	0.3241	0.23803	0.13487	0.26258	-0.04819	0.32792	0.49512	0.59247	0.31414	0.76223	0.58838	0.54482	-0.4771	0.55048	0.57806	0.03639	0.88619	0.47361	-0.12517	0.81374	0.72713	0.32015	0.82454	0.72607	0.29563	0.62791	0.49177	0.68088	0.80891	0.73173	0.52773	-0.35191	0.70262	0.53339	0.53927	0.11515	-0.15736	0.74898	0.7278	0.49701	0.78822	0.53712	0.741	0.12977	0.67187	0.72164	-0.0054225	0.73575	0.11835	0.0058675	0.44232	0.34391	0.29706	0.40303	0.49702	0.54505	0.61136	0.35535	0.8237	0.19305	0.12214	0.59215	0.14445	0.39922	0.19049	0.21056	0.72616	0.81325	0.79015	0.37255	0.4978	0.12937	0.75401	0.058089	0.44884	0.70352	0.42133	0.31606	0.53855	0.23792	0.67356	0.45962	0.53032	0.73811	0.80732	0.36043	0.76449	0.64758	0.68181	0.6631	0.78098	0.088855	0.73974	0.78723	0.23017	0.33818	0.09376	0.70877	0.67628	0.33787	0.76091	0.61124	0.74218	0.79825	0.79261	0.30352	0.25297	0.25147	0.59513	0.80448	-0.19981	0.92303	0.44546	0.66849	-0.34983	0.31651	0.41722	-0.23691
0.38063	0.76474	0.69318	0.17532	0.23486	0.76713	0.60672	0.13564	0.60576	-0.011775	0.064669	0.071829	0.040433	0.51723	0.70451	0.42254	0.56809	0.3322	0.19078	0.064887	0.17802	0.30788	0.16098	0.2005	0.34331	-0.29364	0.27754	0.17092	-0.018828	0.25926	0.23164	-0.24678	-0.047427	0.22908	0.33956	0.22662	0.29622	0.57924	0.37401	0.41244	-0.030458	0.16772	0.32676	0.38145	0.23156	0.18707	-0.044911	0.34336	-0.17295	-0.50596	0.046682	0.26141	0.15919	0.18872	0.43783	0.24684	0.39061	0.16389	0.12893	0.081305	0.063016	-0.037052	0.33111	-0.17292	0.69593	0.31817	-0.049376	0.24589	0.39395	0.27419	0.26778	0.11725	0.204	0.16442	0.30058	0.47912	0.53894	0.20301	0.072382	0.26174	0.08127	0.24099	0.10827	0.2579	-0.077323	0.24726	0.47139	0.40503	0.17632	-0.059658	0.069675	0.036375	-0.34135	0.31299	0.088926	0.31719	0.28524	0.24712	0.361	0.31613	0.24622	0.15527	0.34751	0.099077	0.018024	0.053893	0.14885	-0.32912	0.56371	0.019198	0.27723	0.29223	-0.063059	0.19767	-0.015868	0.24542	0.10318	0.072802	0.28641	0.12344	0.22627	0.37438	0.29449	0.39837	0.2558	-0.12334	0.23945	-0.23723	0.35024	0.40564	0.25244
0.51449	0.57112	0.64071	-0.061098	0.33287	0.60672	0.62084	0.33128	0.52093	0.1889	0.195	-0.12865	0.30507	0.3251	0.6289	0.3017	0.53139	0.41918	0.080182	0.26726	0.26428	0.29669	0.28749	0.31462	0.35334	-0.15855	0.45233	0.25692	-0.11302	0.37277	0.42249	-0.11713	0.058733	0.3312	0.26544	0.34961	0.38488	0.46671	0.34717	0.41766	0.005096	0.32101	0.40376	0.3636	0.11458	0.29725	-0.022031	0.32278	-0.28633	-0.40686	0.20374	0.35078	0.25472	0.30261	0.36445	0.35938	0.20973	0.19621	0.16198	0.20274	0.21845	0.11449	0.16564	-0.13134	0.65431	0.176	-0.13251	0.43363	0.23124	0.27865	0.23894	0.23125	0.27271	0.057479	0.32962	0.40207	0.58985	0.09895	-0.061633	0.36212	0.24773	0.3398	0.1732	0.19784	-0.1264	0.3572	0.25111	0.39176	0.27539	-0.025061	0.11761	0.15082	-0.30633	0.39185	0.20298	0.29255	0.3438	0.36952	0.48087	0.40821	0.3187	0.27091	0.43122	0.27069	-0.085969	0.13819	0.25412	-0.18488	0.52551	-0.11114	0.37097	0.3729	-0.099999	0.28104	0.062749	0.36964	0.21016	0.12334	0.32546	0.10119	0.23941	0.45276	0.4621	0.27075	0.32106	-0.029518	0.32314	-0.26046	0.22982	0.33477	0.23739
0.50887	0.10502	0.27074	-0.33868	0.37654	0.13564	0.33128	0.77116	-0.072494	0.45182	0.76487	-0.26596	0.49527	-0.17358	0.050378	0.093335	0.12607	0.09377	0.16288	0.42603	0.52811	-0.11459	0.47686	0.58555	0.10556	0.11864	0.37749	0.26538	-0.26526	0.3273	0.25047	0.028064	0.20632	0.61038	-0.015384	0.45241	0.47099	0.051978	0.25387	0.091713	0.085886	0.34313	0.54191	0.18554	-0.21771	0.23739	0.33435	0.28237	-0.43727	-0.00425	0.48493	0.38773	0.19067	0.47741	-0.012633	0.36556	-0.29868	-0.018284	0.19148	0.027032	0.47138	0.25831	0.14878	-0.036033	0.17692	-0.17684	-0.31782	0.17449	0.16318	0.28521	0.17467	0.26434	0.1204	-0.24024	0.33432	0.0069684	0.13826	0.030717	-0.12122	0.496	0.34505	0.37071	0.29716	-0.0019067	-0.26428	0.35318	-0.13346	0.090263	0.18495	-0.13226	0.12551	0.20511	-0.077001	0.28152	0.40681	0.15961	0.21993	0.5171	0.11954	0.53402	0.30186	0.36884	0.41319	0.55989	-0.23391	0.29723	0.25118	0.21169	0.21153	-0.20121	0.2382	0.26249	-0.13012	0.25662	0.25088	0.22381	0.30112	0.054729	0.21953	0.24617	-0.031349	0.31248	0.37118	-0.032009	0.38436	0.0076787	0.21927	-0.19423	-0.19355	0.10221	-0.18563
0.25049	0.64765	0.52969	0.36907	0.43868	0.60576	0.52093	-0.072494	0.90837	-0.054062	-0.14555	0.35164	-0.060456	0.73845	0.67617	0.25371	0.49592	0.25273	0.060571	0.028509	0.10437	0.56389	0.27127	0.11457	0.50158	-0.50128	0.26564	0.19072	0.3467	0.43626	0.1903	-0.2994	0.18	0.25916	0.57437	0.26338	0.35469	0.70616	0.41877	0.64499	0.23236	0.31111	0.38029	0.44153	0.062764	0.34154	-0.058311	0.3535	0.18014	-0.32567	0.1409	0.41483	0.31992	0.28275	0.65209	0.37129	0.75887	0.4264	0.32535	0.048082	0.21261	-0.036667	-0.014932	-0.058262	0.79724	0.58775	0.42397	0.32776	0.54508	0.41708	0.17733	0.32451	0.25009	0.57596	0.39373	0.54403	0.68213	0.36159	0.39023	0.30909	0.2081	0.3769	0.155	0.4568	0.35682	0.36079	0.4714	0.43147	0.43087	0.24397	0.032845	0.12095	-0.18278	0.45422	0.02118	0.52378	0.51325	0.32326	0.33748	0.35287	0.42903	0.25291	0.44765	0.17521	0.37963	0.29196	0.30562	-0.2442	0.285	0.3407	0.50626	0.41579	-0.0055448	0.43362	0.068297	0.40316	0.25773	0.29904	0.3436	0.22499	0.3812	0.46085	0.48091	0.25051	0.40137	0.030366	0.39956	-0.40462	0.49311	0.63179	0.31654
0.56988	-0.21982	0.12771	-0.51978	0.52238	-0.011775	0.1889	0.45182	-0.054062	0.93744	0.54296	-0.43508	0.54693	-0.34508	0.014922	0.18077	-0.044035	0.055092	-0.1308	0.77352	0.22157	-0.0043585	0.40336	0.18049	-0.12184	-0.09195	0.54695	0.6048	-0.28196	0.48088	0.59837	-0.028448	0.56996	0.32389	0.15854	0.37883	0.39324	-0.2164	0.034352	-0.12032	0.56209	0.50819	0.27343	-0.17041	-0.21329	0.34438	0.31102	-0.11149	-0.18001	-0.026877	0.55552	0.29623	0.39773	0.40729	0.2011	0.39813	-0.32568	0.256	0.51186	0.33178	0.40763	0.43814	-0.16482	0.60988	0.017994	-0.32648	0.028854	0.4663	-0.23295	0.16991	-0.15885	0.50065	0.18088	-0.40941	0.011398	-0.26318	0.12053	-0.30174	-0.34735	0.37484	0.51108	0.3617	0.094913	-0.10435	-0.26808	0.1899	-0.39076	-0.19011	0.14133	-0.11379	-0.13508	0.26981	0.3605	0.27136	0.094917	0.03285	0.042008	0.36707	0.22821	0.27886	0.068292	0.26923	0.24572	0.81003	-0.42835	0.19616	0.60316	0.62491	0.037489	-0.19551	0.045736	0.20241	0.38548	0.24674	0.41842	0.52477	0.37162	0.389	0.18774	0.054215	0.076868	0.10865	0.57946	-0.32693	0.40926	0.24879	0.22594	-0.048274	0.01177	-0.19081	-0.20322
0.37784	0.050718	0.18162	-0.52522	0.27963	0.064669	0.195	0.76487	-0.14555	0.54296	0.95771	-0.20401	0.31299	-0.3086	-0.024251	0.27671	-0.11142	0.025375	0.18176	0.48236	0.49622	-0.35056	0.20032	0.47608	0.074503	0.071322	0.11024	0.31239	-0.24885	0.30611	0.27827	-0.061886	0.10351	0.32591	-0.10502	0.24251	0.24541	-0.13976	0.24223	-0.22311	0.13184	0.12904	0.2314	0.19036	-0.24113	-0.014286	0.31868	0.24138	-0.47362	0.16703	0.45932	0.092115	0.016756	0.20916	-0.045817	0.23474	-0.33046	-0.10048	0.15894	0.088914	0.37268	0.31263	0.14497	0.10784	0.17511	-0.31572	-0.37881	0.15781	-0.061103	0.10381	0.14362	0.086933	0.029747	-0.40956	0.11425	-0.24797	0.044914	-0.20655	-0.1053	0.2168	0.31795	0.20671	-0.054243	-0.19721	-0.35257	0.19971	-0.16557	0.13853	-0.069177	-0.13427	0.25098	0.013129	0.05853	0.10087	0.45981	-0.024939	0.039257	0.3208	0.11232	0.29419	0.018043	0.15594	0.16656	0.51892	-0.49614	0.11653	0.17106	0.40648	0.12764	-0.26577	0.14869	0.106	-0.14028	-0.050913	0.17405	0.07493	0.20642	8.948e-05	0.12351	0.11242	-0.23068	0.18451	0.24948	-0.15164	0.20838	-0.19078	-0.059719	-0.15764	-0.084713	-0.242	-0.29085
-0.37584	0.20882	-0.10151	0.53796	0.043669	0.071829	-0.12865	-0.26596	0.35164	-0.43508	-0.20401	0.99961	-0.56427	0.61282	-0.023404	-0.10143	-0.017961	-0.33195	0.26493	-0.33216	0.10826	0.05114	-0.1455	0.084381	0.38523	-0.33126	-0.44718	-0.14179	0.90895	0.10194	-0.31705	-0.10427	-0.20182	0.01779	0.19854	-0.1128	-0.15665	0.33526	0.23539	0.23817	-0.072775	-0.27382	0.0028324	0.36883	-0.046855	-0.22065	0.00053734	0.40822	0.22859	-0.14688	-0.2349	-0.062035	0.12235	-0.11511	0.0024321	-0.18511	0.65987	0.083958	-0.1051	-0.22908	-0.20962	-0.22258	0.074135	-0.18955	0.1583	0.59276	0.43434	-0.21972	0.57185	0.064021	0.20401	-0.23036	-0.16654	0.58728	0.33576	0.18395	-0.11887	0.54683	0.93236	-0.1187	-0.05182	-0.1207	0.076723	0.19809	0.75173	0.0083702	0.54418	0.23888	0.0407	0.40098	0.23158	-0.16969	-0.20561	-0.1321	0.10258	0.35048	0.24553	-0.06112	-0.043683	0.0086195	0.11177	-0.11157	-0.016116	-0.29602	0.5737	0.3502	-0.26778	-0.2926	-0.039346	0.74792	0.24244	-0.097326	-0.080438	-0.00036068	-0.094891	-0.29272	-0.090925	-0.10518	-0.16805	0.097046	0.071678	-0.011413	-0.2393	0.13889	0.068286	-0.16301	-0.070805	-0.18144	0.032633	0.4356	-0.20189
0.44944	-0.15341	0.33062	-0.29799	0.18788	0.040433	0.30507	0.49527	-0.060456	0.54693	0.31299	-0.56427	0.90084	-0.35643	0.067891	0.12196	0.24961	0.24169	-0.25774	0.48159	0.060527	0.25005	0.29323	0.1563	-0.30219	0.16892	0.70519	0.18673	-0.37446	0.16247	0.46377	0.26198	0.2346	0.24932	0.086231	0.24853	0.25155	-0.022046	-0.15928	0.075629	0.2859	0.34078	0.22047	-0.34712	-0.21185	0.23358	-0.02194	-0.25152	-0.18447	0.0019136	0.30344	0.25181	0.28192	0.29131	0.086416	0.19345	-0.32721	0.046016	0.27136	0.21742	0.22756	0.50211	-0.29136	0.21988	0.057606	-0.31788	-0.12106	0.35122	-0.21409	0.032176	-0.28235	0.27841	0.39815	-0.3541	0.040834	0.051342	0.14292	-0.013654	-0.47137	0.29792	0.23091	0.16258	0.35293	-0.16227	-0.30845	0.023177	-0.30686	-0.2717	0.091793	-0.30315	-0.24975	0.19429	0.15897	0.12096	-0.033798	0.068822	-0.075568	0.18184	0.263	0.1419	0.15422	0.13558	0.18735	0.46369	-0.21253	0.010428	0.3232	0.35685	0.1411	-0.38327	-0.12129	0.037705	0.2403	0.17331	0.23543	0.39822	0.095534	0.089835	0.29425	0.069367	0.2906	-0.0068353	0.36607	-0.14475	0.1404	0.1827	0.14645	-0.14295	-0.13379	-0.084295	0.053487
0.1626	0.67463	0.37556	0.60946	0.3241	0.51723	0.3251	-0.17358	0.73845	-0.34508	-0.3086	0.61282	-0.35643	0.94573	0.54273	0.0026947	0.53908	0.063606	0.371	-0.18654	0.17699	0.45978	0.20314	0.23504	0.59734	-0.43274	0.069527	0.14551	0.46894	0.36488	-0.0018781	-0.24412	0.064117	0.28298	0.424	0.27733	0.29423	0.73835	0.46757	0.63076	-0.0062074	0.19749	0.39021	0.5357	0.14766	0.28504	0.017099	0.54386	0.11379	-0.48513	0.0070593	0.37574	0.35156	0.24445	0.47829	0.26795	0.76161	0.31125	0.1486	-0.041563	0.081572	-0.21288	0.014258	-0.26801	0.64856	0.75042	0.30327	0.097487	0.77622	0.50215	0.27466	0.18208	0.11993	0.61607	0.4401	0.55525	0.47224	0.49481	0.69952	0.28833	0.20217	0.31158	0.15708	0.48396	0.38519	0.40704	0.69969	0.60858	0.39541	0.3356	0.24217	0.099786	-0.36772	0.35841	0.14996	0.45502	0.57028	0.28131	0.20156	0.36089	0.46962	0.25178	0.41951	-0.079089	0.51951	0.34039	0.11026	-0.47189	0.28661	0.37009	0.53691	0.41601	-0.081229	0.4154	-0.003272	0.20193	0.20059	0.23977	0.088251	0.34709	0.41546	0.45586	0.24472	0.22229	0.35253	0.016642	0.41541	-0.27095	0.40249	0.72515	0.16112
0.41824	0.69098	0.69743	0.10788	0.23803	0.70451	0.6289	0.050378	0.67617	0.014922	-0.024251	-0.023404	0.067891	0.54273	0.78871	0.35665	0.61381	0.43958	0.11052	0.093348	0.067575	0.45369	0.16404	0.12611	0.3504	-0.27176	0.39065	0.16449	-0.084337	0.27462	0.38299	-0.2374	0.02296	0.14634	0.29923	0.23446	0.28021	0.6235	0.39545	0.43062	0.022364	0.25716	0.27583	0.35848	0.21828	0.26663	-0.13963	0.30271	-0.17579	-0.46142	0.079353	0.2537	0.19491	0.17793	0.51533	0.2776	0.37545	0.29345	0.16708	0.17531	0.078839	0.0054358	0.1353	-0.13395	0.7879	0.27282	-0.088489	0.40201	0.30312	0.2998	0.22725	0.18534	0.25623	0.10295	0.23136	0.43773	0.64314	0.10385	0.035562	0.22152	0.16832	0.27263	0.050146	0.32096	-0.1665	0.28771	0.44033	0.4507	0.2559	0.064676	0.096731	0.17488	-0.30837	0.37479	0.034371	0.31017	0.29773	0.22888	0.45983	0.27052	0.24415	0.20319	0.33767	0.1077	-0.010673	-0.01241	0.23292	-0.26314	0.4667	-0.10774	0.33262	0.36548	-0.056597	0.24589	0.0020459	0.3562	0.17921	0.16681	0.31352	0.19873	0.32979	0.42995	0.42775	0.30454	0.21489	0.0374	0.29902	-0.28508	0.44367	0.38036	0.28831
0.10131	0.34095	0.493	-0.047413	0.13487	0.42254	0.3017	0.093335	0.25371	0.18077	0.27671	-0.10143	0.12196	0.0026947	0.35665	0.93077	0.26603	0.27502	-0.046701	0.34374	-0.083063	0.10537	-0.054911	-0.13958	0.015979	-0.33293	0.19783	0.17107	-0.17165	0.061652	0.20041	-0.21131	-0.0015215	-0.15412	0.17824	-0.10707	-0.070034	0.21853	0.19651	0.14776	0.086602	0.099188	-0.083848	0.14074	-0.080245	0.0046721	-0.10529	0.070257	0.019803	-0.15751	0.088498	-0.035635	0.036997	-0.067896	0.39414	-0.034676	0.010878	0.15964	0.4144	0.20719	-0.11126	0.52752	0.45365	0.17564	0.32266	-0.014308	-0.041886	0.22437	0.10694	-0.14873	0.31045	0.040551	0.5078	-0.13097	0.024926	0.15516	0.10822	0.13123	-0.22363	-0.072727	-0.064817	-0.066258	0.096803	0.19562	-0.17356	-0.029062	0.34513	0.15145	0.026062	-0.020259	0.0040859	-0.0078557	-0.048933	-0.029679	-0.13551	0.25152	0.012263	-0.088473	0.23195	-0.087169	0.037476	-0.08622	-0.099306	0.16406	-0.075318	-0.14951	0.084231	0.12729	0.40654	-0.1157	-0.090762	-0.036078	0.034155	-0.007981	-0.045938	0.15606	-0.014241	0.085178	0.39013	-0.25817	0.19842	-0.026319	0.054507	0.39825	0.15208	-0.050285	0.011819	-0.2441	0.23253	-0.024805	0.077285
0.44783	0.59105	0.6394	0.27595	0.26258	0.56809	0.53139	0.12607	0.49592	-0.044035	-0.11142	-0.017961	0.24961	0.53908	0.61381	0.26603	0.76731	0.33964	0.23553	0.19377	0.17314	0.48833	0.20968	0.2878	0.37659	-0.29581	0.50468	0.28882	-0.072762	0.31562	0.33116	-0.088959	0.034854	0.23166	0.34847	0.29614	0.26989	0.57584	0.30569	0.54619	-0.065868	0.30885	0.314	0.32549	0.11137	0.30628	-0.039131	0.35141	-0.11208	-0.56923	0.051394	0.34607	0.42535	0.2282	0.48746	0.24355	0.3124	0.21517	0.21208	0.2391	0.038128	0.23514	-0.051618	-0.25007	0.55264	0.40925	-0.053909	0.37262	0.41155	0.25812	0.22576	0.19127	0.45415	0.16285	0.33516	0.53473	0.46458	0.32142	0.086913	0.26722	0.20006	0.25414	0.29221	0.2897	-0.066758	0.33232	0.41972	0.52078	0.31215	0.062041	0.20161	0.12752	-0.44558	0.33548	0.16234	0.35843	0.38358	0.24243	0.52947	0.29378	0.45484	0.19009	0.34727	0.063941	0.18095	0.096983	0.15513	-0.37388	0.48068	-0.13038	0.35733	0.33049	-0.068538	0.30888	-0.015643	0.3361	0.15909	0.13773	0.3327	0.04751	0.52046	0.45446	0.31958	0.23187	0.26427	0.022545	0.33633	-0.25664	0.29245	0.51161	0.33822
0.2714	0.33385	0.44746	0.1258	-0.04819	0.3322	0.41918	0.09377	0.25273	0.055092	0.025375	-0.33195	0.24169	0.063606	0.43958	0.27502	0.33964	0.86497	-0.32092	0.2667	-0.22253	0.1651	-0.033692	-0.21373	0.093542	0.16501	0.17831	0.093717	-0.24322	-0.04362	0.046002	-0.20699	-0.099425	-0.046061	0.14654	-0.070587	0.14658	0.26533	-0.091017	0.38051	-0.21078	0.084821	0.074369	0.024669	0.27538	0.12383	-0.44023	-0.076471	-0.277	-0.34437	-0.0098797	0.18244	0.16942	-0.015795	0.3274	0.12055	0.051623	-0.068537	0.085498	0.29095	-0.070515	0.31521	0.21675	-0.14021	0.4502	0.029251	-0.18484	0.053561	-0.056557	0.08214	-0.01773	0.052013	0.44897	0.12829	-0.1731	0.40756	0.43132	0.031798	-0.30331	0.099146	-0.072668	0.069426	-0.049522	-0.068635	-0.16906	0.023622	0.20428	0.09006	-0.010329	-0.33823	-0.20177	-0.22262	-0.22524	0.15959	-0.1881	-0.025785	0.08361	-0.025674	0.29443	0.023122	0.13744	-0.088754	0.15461	0.042426	0.077199	-0.19035	0.05105	0.00071517	0.23962	-0.26433	-0.050817	0.13709	-0.19247	0.070093	-0.2973	0.19693	-0.15511	-0.027142	0.28227	-0.20238	0.32314	0.203	0.19536	0.52714	0.021126	-0.19434	0.13598	-0.025741	0.10919	0.1365	0.45804
0.11921	0.35826	0.10464	-0.021787	0.32792	0.19078	0.080182	0.16288	0.060571	-0.1308	0.18176	0.26493	-0.25774	0.371	0.11052	-0.046701	0.23553	-0.32092	0.96323	0.018942	0.77413	0.024261	0.3111	0.74863	0.46583	-0.37998	-0.032046	0.059713	0.0088666	0.40819	-0.061446	-0.27552	0.13498	0.43732	-0.090241	0.44873	0.17983	0.225	0.73317	-0.0075221	0.034086	0.086002	0.31836	0.6731	-0.031434	0.021782	0.70707	0.74948	-0.1364	-0.35074	0.071323	0.15152	0.034481	0.31107	0.089558	0.12047	0.015393	0.2319	0.020009	-0.30547	0.19041	-0.25191	0.064486	-0.13421	0.11358	0.34903	-0.1471	-0.033908	0.47649	0.17229	0.55171	0.056597	-0.15881	-0.10862	0.57578	-0.034842	-0.052565	0.1528	0.38529	0.20891	0.39668	0.27036	0.22676	0.34282	-0.11892	0.51606	0.23284	0.71367	0.30468	0.48142	0.81176	0.26174	-0.24343	0.15446	0.82029	0.26694	0.41933	0.46838	0.25261	0.4429	0.35107	0.34408	0.17758	0.013678	-0.049694	0.46644	0.027374	-0.39031	0.1972	0.053107	0.55195	0.23803	-0.09482	0.14774	0.34808	-0.061675	0.51602	0.14089	-0.032608	0.12107	-0.13013	0.39661	0.10937	-0.17194	0.31362	0.13457	0.085013	0.023814	0.20082	0.22627	-0.14321
0.493	-0.10514	0.25086	-0.21515	0.49512	0.064887	0.26726	0.42603	0.028509	0.77352	0.48236	-0.33216	0.48159	-0.18654	0.093348	0.34374	0.19377	0.2667	0.018942	0.95505	0.28367	0.19256	0.29511	0.23005	-0.063097	-0.15275	0.51443	0.62041	-0.24369	0.50348	0.50839	-0.21275	0.4803	0.22873	0.36595	0.25329	0.19073	0.056838	0.12826	0.090363	0.37948	0.40723	0.15591	-0.02774	-0.27728	0.20368	0.31342	0.023285	-0.041616	-0.27787	0.33435	0.20524	0.6004	0.28524	0.35849	0.19476	-0.22488	0.3934	0.6669	0.4936	0.17711	0.66041	-0.11658	0.43262	0.081238	0.025172	0.08104	0.44496	-0.09882	-0.035507	0.037465	0.33891	0.43262	-0.20208	0.12639	-0.040699	-0.031755	-0.061935	-0.27054	0.22365	0.51329	0.1927	0.23046	0.10609	-0.11889	0.17225	-0.12791	0.068683	0.23662	0.027871	0.086633	0.21571	0.10866	0.097646	0.21274	0.25994	0.10311	0.27378	0.34638	0.16611	0.21437	0.16301	0.081042	0.60561	-0.11495	0.26659	0.4024	0.45886	0.072573	-0.16996	0.080929	0.069179	0.25072	0.18765	0.37602	0.37313	0.31034	0.30793	0.26342	-0.28358	0.36072	0.074355	0.50142	-0.047588	0.39439	0.22008	0.13208	-0.12709	0.14589	-0.03561	-0.016802
0.32781	0.25615	0.14959	-0.27666	0.59247	0.17802	0.26428	0.52811	0.10437	0.22157	0.49622	0.10826	0.060527	0.17699	0.067575	-0.083063	0.17314	-0.22253	0.77413	0.28367	0.97675	0.057215	0.6296	0.9468	0.4538	-0.24055	0.21132	0.22115	-0.014544	0.64699	0.16854	-0.19724	0.36125	0.77422	0.054389	0.70407	0.46875	0.22017	0.75503	0.067799	0.24101	0.35472	0.62561	0.6681	-0.35111	0.23659	0.7788	0.73928	-0.15921	-0.15042	0.40502	0.41921	0.20969	0.63326	0.090768	0.37149	-0.10875	0.37063	0.25635	-0.13612	0.54048	-0.16471	0.074546	0.021033	0.16248	0.26654	-0.079919	0.16514	0.44023	0.3142	0.53566	0.32304	-0.11031	-0.15403	0.73942	0.033696	0.040972	0.15859	0.25471	0.53783	0.6576	0.52203	0.41085	0.37678	-0.052269	0.69289	0.049619	0.61196	0.52882	0.46602	0.70766	0.45216	-0.042864	0.31997	0.92153	0.38771	0.55668	0.76866	0.3009	0.72066	0.52125	0.59207	0.43026	0.40005	-0.10158	0.7586	0.29205	-0.14023	0.22759	0.039492	0.6446	0.38869	-0.018124	0.38387	0.61855	0.19305	0.70132	0.28852	0.12626	0.21411	-0.1076	0.45064	0.42515	-0.17835	0.57734	0.24477	0.27279	-0.20654	0.13479	0.2262	-0.32314
0.14719	0.27419	0.39089	0.27808	0.31414	0.30788	0.29669	-0.11459	0.56389	-0.0043585	-0.35056	0.05114	0.25005	0.45978	0.45369	0.10537	0.48833	0.1651	0.024261	0.19256	0.057215	0.72298	0.25389	0.095972	0.051863	-0.37197	0.49494	-0.013454	0.04464	0.28771	0.30482	-0.26918	0.19145	0.14168	0.43714	0.18466	0.08563	0.62361	0.26972	0.49411	0.21393	0.27509	0.17207	0.10882	-0.1613	0.20948	0.022256	0.15407	0.28354	-0.47016	-0.11765	0.19972	0.41928	0.22176	0.376	0.076616	0.37494	0.52139	0.33809	0.16313	-0.046445	0.11439	-0.12018	0.096641	0.46098	0.44134	0.33321	0.42862	0.34596	0.070923	0.11867	0.22627	0.34054	0.27792	0.38045	0.39146	0.2719	0.37258	0.07603	0.14432	0.21577	0.10218	0.47512	0.5415	0.15	0.16726	0.35038	0.23187	0.44041	0.26005	0.031233	0.35997	-0.16583	0.15119	-0.01123	0.53496	0.23236	0.17101	0.31525	0.12689	0.37914	0.19662	0.1371	0.050498	0.33521	0.21794	0.18697	-0.2532	0.13843	0.054493	0.27642	0.11256	0.1855	0.33908	0.29066	0.33052	0.23358	0.20181	0.27471	0.042686	0.50643	0.10373	0.34092	0.20356	0.28336	0.38718	0.29126	-0.37097	0.27669	0.47084	0.3219
0.50686	0.17391	0.17433	-0.21899	0.76223	0.16098	0.28749	0.47686	0.27127	0.40336	0.20032	-0.1455	0.29323	0.20314	0.16404	-0.054911	0.20968	-0.033692	0.3111	0.29511	0.6296	0.25389	0.93188	0.60349	0.37289	-0.27205	0.57342	0.35659	-0.10008	0.61892	0.25925	-0.099109	0.74717	0.88694	0.15976	0.83293	0.82081	0.20425	0.52783	0.31315	0.3936	0.82779	0.85899	0.3919	-0.23815	0.76738	0.59794	0.40189	0.033204	-0.1284	0.64843	0.80615	0.31449	0.9353	0.29809	0.77293	-0.068897	0.55719	0.50778	-0.046445	0.72694	-0.035752	-0.044864	0.16261	0.25081	0.17912	0.048248	0.34141	0.42799	0.65289	0.26105	0.80575	0.12539	-0.070489	0.66953	0.17098	0.40953	0.15713	0.0080133	0.8437	0.64532	0.83334	0.61164	0.59474	-0.065933	0.82384	-0.076605	0.3218	0.82981	0.44123	0.15135	0.75582	0.047507	0.77063	0.45885	0.37571	0.72112	0.90501	0.23689	0.86554	0.71535	0.8999	0.78443	0.7245	-0.014823	0.6976	0.73778	-0.060916	0.1508	0.01097	0.7226	0.74753	0.065713	0.854	0.77302	0.73928	0.82059	0.56796	0.13811	0.43209	0.13337	0.55724	0.72859	-0.19444	0.75988	0.53202	0.75758	-0.21439	0.090754	0.45723	-0.22266
0.44014	0.28548	0.21814	-0.2595	0.58838	0.2005	0.31462	0.58555	0.11457	0.18049	0.47608	0.084381	0.1563	0.23504	0.12611	-0.13958	0.2878	-0.21373	0.74863	0.23005	0.9468	0.095972	0.60349	0.99464	0.5092	-0.16769	0.30639	0.26005	-0.04003	0.65717	0.27901	-0.036799	0.32656	0.76781	0.024178	0.75093	0.49975	0.25592	0.72306	0.15822	0.19503	0.39141	0.64333	0.66506	-0.34408	0.28908	0.68183	0.76287	-0.22678	-0.14029	0.44806	0.44379	0.24636	0.61935	0.080742	0.42749	-0.087454	0.31377	0.19618	-0.13147	0.56685	-0.14543	-0.0057662	-0.069252	0.19296	0.25002	-0.13249	0.25865	0.46756	0.37938	0.50716	0.33136	-0.099795	-0.14179	0.7334	0.065724	0.11756	0.15974	0.28801	0.55122	0.67389	0.54485	0.38456	0.31946	-0.086914	0.70296	0.043767	0.64466	0.49506	0.40933	0.71837	0.44088	-0.10853	0.38098	0.91066	0.38818	0.57391	0.75616	0.36833	0.73604	0.53797	0.58715	0.48856	0.38843	-0.099687	0.67992	0.29328	-0.1494	0.31389	-0.050997	0.68789	0.44495	-0.032052	0.39215	0.52997	0.23135	0.66401	0.29034	0.14434	0.28293	-0.03192	0.53729	0.44771	-0.22515	0.5642	0.21537	0.31022	-0.25335	0.1209	0.27152	-0.32682
0.36352	0.52757	0.24943	0.080647	0.54482	0.34331	0.35334	0.10556	0.50158	-0.12184	0.074503	0.38523	-0.30219	0.59734	0.3504	0.015979	0.37659	0.093542	0.46583	-0.063097	0.4538	0.051863	0.37289	0.5092	0.91766	-0.28134	0.063281	0.39331	0.31331	0.60294	0.13649	0.062633	0.25682	0.49288	0.092766	0.60082	0.56299	0.34817	0.63813	0.53575	0.057015	0.43987	0.59539	0.84069	0.021852	0.53442	0.15083	0.74847	-0.14051	-0.10887	0.52711	0.57534	0.1893	0.44974	0.38142	0.58079	0.35569	0.26548	0.20164	-0.094039	0.53376	-0.17808	0.10748	-0.14543	0.4312	0.45586	0.10576	0.17853	0.61631	0.65345	0.49119	0.41571	0.063056	0.31649	0.46851	0.37453	0.54113	0.23195	0.55651	0.54788	0.51384	0.6334	-0.014102	0.31978	0.23489	0.76754	0.36076	0.78418	0.50192	0.44219	0.55364	0.18529	-0.13371	0.57087	0.51226	0.26651	0.84143	0.56889	0.37178	0.64801	0.5531	0.47893	0.63049	0.211	0.21124	0.55608	0.31647	-0.18677	0.52116	0.19907	0.72834	0.7325	-0.14232	0.54382	0.030159	0.37045	0.46393	0.51393	0.19009	0.29814	0.12172	0.72952	0.43133	0.037876	0.59439	-0.028261	0.59478	-0.1524	0.33311	0.43342	-0.17797
-0.0041833	-0.37886	-0.19109	-0.21327	-0.4771	-0.29364	-0.15855	0.11864	-0.50128	-0.09195	0.071322	-0.33126	0.16892	-0.43274	-0.27176	-0.33293	-0.29581	0.16501	-0.37998	-0.15275	-0.24055	-0.37197	-0.27205	-0.16769	-0.28134	0.95634	-0.17261	-0.28051	-0.20893	-0.43027	-0.027366	0.50236	-0.33735	-0.22004	-0.44609	-0.20493	-0.18362	-0.30741	-0.45498	-0.28671	-0.33025	-0.31972	-0.23216	-0.35004	0.1735	-0.27781	-0.38882	-0.3694	-0.39434	0.27592	-0.13888	-0.27712	-0.31165	-0.27086	-0.53125	-0.19787	-0.44391	-0.40469	-0.49662	-0.020072	-0.14402	-0.16815	0.0223	-0.14988	-0.31622	-0.45027	-0.34605	-0.15335	-0.481	-0.25285	-0.23833	-0.31114	-0.31335	-0.26772	-0.36737	-0.27895	-0.20385	-0.35391	-0.33759	-0.20575	-0.22301	-0.24865	-0.25206	-0.43732	-0.21851	-0.33424	-0.33812	-0.38249	-0.43556	-0.37963	-0.2404	-0.1896	0.051466	-0.20068	-0.20373	-0.4038	-0.42738	-0.28338	-0.27357	-0.2285	-0.43093	-0.2492	-0.18881	-0.2085	-0.26472	-0.3737	-0.24766	0.1779	-0.0089786	-0.28702	-0.39068	-0.23615	-0.059379	-0.34659	-0.28057	-0.25699	-0.35402	-0.34955	-0.31472	-0.13114	-0.25397	-0.19314	-0.26904	0.0017289	-0.46092	-0.089568	-0.27576	0.39654	-0.39433	-0.32108	-0.16949
0.67064	0.11093	0.47508	-0.22926	0.55048	0.27754	0.45233	0.37749	0.26564	0.54695	0.11024	-0.44718	0.70519	0.069527	0.39065	0.19783	0.50468	0.17831	-0.032046	0.51443	0.21132	0.49494	0.57342	0.30639	0.063281	-0.17261	0.91359	0.44365	-0.34056	0.47602	0.68787	0.11687	0.53397	0.43827	0.25119	0.56023	0.49734	0.26049	0.21568	0.34164	0.40454	0.71213	0.46635	0.0099505	-0.18801	0.59948	0.17473	0.07627	-0.073071	-0.2425	0.45774	0.51357	0.50067	0.56525	0.38661	0.50056	-0.11826	0.44295	0.51092	0.29738	0.39189	0.38003	-0.21689	0.26247	0.28215	-0.019516	0.0039363	0.67417	0.11762	0.31383	0.043043	0.6131	0.42268	-0.23091	0.34026	0.17308	0.39255	0.050452	-0.30803	0.51035	0.49831	0.48326	0.49575	0.30099	-0.26929	0.40316	-0.087834	0.10901	0.49423	0.081155	-0.056044	0.55201	0.032993	0.50483	0.080326	0.36854	0.31441	0.47308	0.46729	0.43542	0.44964	0.48279	0.46088	0.61603	-0.14447	0.21105	0.62205	0.13809	0.31932	-0.31194	0.30663	0.42597	0.30122	0.54563	0.45182	0.72748	0.47325	0.44273	0.36747	0.19519	0.44568	0.34237	0.66783	-0.12336	0.49211	0.48247	0.52112	-0.28095	0.14438	0.25903	0.03103
0.63978	0.11459	0.20898	-0.13508	0.57806	0.17092	0.25692	0.26538	0.19072	0.6048	0.31239	-0.14179	0.18673	0.14551	0.16449	0.17107	0.28882	0.093717	0.059713	0.62041	0.22115	-0.013454	0.35659	0.26005	0.39331	-0.28051	0.44365	0.88702	-0.0938	0.58819	0.55514	-0.012641	0.46744	0.35148	0.39942	0.46123	0.52632	0.022394	0.12732	0.21977	0.30786	0.5943	0.41196	0.1547	-0.12085	0.53401	0.18201	0.18462	-0.11314	-0.19844	0.5851	0.50926	0.57764	0.4036	0.50659	0.55734	-0.0052832	0.24443	0.52333	0.51347	0.42059	0.40725	-0.22115	0.27852	0.17623	0.15425	0.091361	0.42403	0.13638	0.43446	-0.033048	0.54951	0.30082	-0.054079	0.044806	0.0963	0.31966	-0.12506	-0.015858	0.463	0.51894	0.52405	-0.01354	0.018061	-0.052341	0.43543	-0.05202	0.28915	0.25996	-0.011762	0.08026	0.11979	0.047879	0.50349	0.17995	0.072092	0.4104	0.42988	0.32115	0.42308	0.31937	0.30471	0.48118	0.63947	-0.14241	0.26923	0.55602	0.28078	0.23035	-0.11864	0.31587	0.50112	0.15615	0.41555	0.12712	0.5748	0.34218	0.48268	0.20197	0.026951	0.27679	0.51725	0.54374	-0.23533	0.50454	0.0086413	0.45122	-0.12717	0.20558	0.18773	-0.12201
-0.33588	0.026228	-0.15198	0.4715	0.03639	-0.018828	-0.11302	-0.26526	0.3467	-0.28196	-0.24885	0.90895	-0.37446	0.46894	-0.084337	-0.17165	-0.072762	-0.24322	0.0088666	-0.24369	-0.014544	0.04464	-0.10008	-0.04003	0.31331	-0.20893	-0.34056	-0.0938	0.9753	0.083276	-0.24013	0.067245	-0.1476	0.029819	0.24343	-0.11572	-0.10675	0.22531	0.04496	0.23994	-0.032183	-0.20358	0.027085	0.19033	-0.0013512	-0.13533	-0.12209	0.19732	0.23179	-0.086198	-0.1839	0.0079405	0.16567	-0.068785	-0.028498	-0.13828	0.60922	0.088318	-0.10438	-0.14503	-0.17966	-0.13685	-0.082717	-0.11931	0.084539	0.50562	0.50485	-0.13956	0.37952	0.039532	0.0063809	-0.1595	-0.12661	0.57956	0.27794	0.17858	-0.065075	0.48671	0.80327	-0.05019	-0.031019	-0.092628	0.12156	0.086439	0.8628	-0.029171	0.36714	0.02146	0.071848	0.34558	0.015113	-0.15596	-0.12708	-0.096206	-0.044509	0.31043	0.21872	-0.058092	-0.029681	0.0051265	0.099199	-0.095811	0.047793	-0.18866	0.54761	0.38993	-0.18484	-0.17216	-0.076955	0.78668	0.15186	-0.09241	-0.019224	0.069246	-0.090386	-0.18332	-0.13393	-0.0894	-0.15401	0.045857	0.10522	-0.066539	-0.1617	0.088344	0.047397	-0.12205	-0.0056773	-0.10998	-0.076396	0.38323	-0.19531
0.57964	0.2622	0.2938	-0.17198	0.88619	0.25926	0.37277	0.3273	0.43626	0.48088	0.30611	0.10194	0.16247	0.36488	0.27462	0.061652	0.31562	-0.04362	0.40819	0.50348	0.64699	0.28771	0.61892	0.65717	0.60294	-0.43027	0.47602	0.58819	0.083276	0.90585	0.51901	-0.13039	0.62451	0.65898	0.32937	0.7631	0.62135	0.32634	0.65535	0.43413	0.58568	0.65055	0.63919	0.5839	-0.32894	0.54125	0.4855	0.63032	-0.040001	-0.21992	0.63373	0.61639	0.55591	0.65601	0.51028	0.61909	0.16314	0.5877	0.59987	0.10787	0.63343	0.10348	-0.060244	0.39264	0.35492	0.35562	0.34737	0.49677	0.48981	0.51137	0.35946	0.66153	0.16274	0.10442	0.57671	0.14827	0.36101	0.16009	0.28292	0.61816	0.80536	0.68631	0.2965	0.37271	0.12702	0.6958	0.097097	0.54653	0.582	0.37659	0.46068	0.39317	0.16574	0.56445	0.57631	0.52573	0.69258	0.74041	0.48072	0.6983	0.5917	0.53137	0.57468	0.6574	0.053445	0.71346	0.63901	0.17004	0.36766	0.093287	0.69533	0.57363	0.30349	0.59583	0.49274	0.60873	0.71367	0.67386	0.33354	0.18121	0.22585	0.6229	0.73668	-0.17013	0.82751	0.29568	0.52765	-0.27215	0.32159	0.38889	-0.19772
0.65545	0.016611	0.37778	-0.46889	0.47361	0.23164	0.42249	0.25047	0.1903	0.59837	0.27827	-0.31705	0.46377	-0.0018781	0.38299	0.20041	0.33116	0.046002	-0.061446	0.50839	0.16854	0.30482	0.25925	0.27901	0.13649	-0.027366	0.68787	0.55514	-0.24013	0.51901	0.942	0.20754	0.38101	0.16014	0.17333	0.44329	0.26804	0.12338	0.22912	0.11234	0.44737	0.49058	0.18464	0.085365	-0.30482	0.34415	0.043205	0.12372	-0.13708	-0.073394	0.46565	0.18256	0.40887	0.26394	0.26808	0.35123	-0.13941	0.41498	0.39681	0.3934	0.31327	0.24079	-0.15693	0.39684	0.17436	-0.16428	0.01818	0.84091	-0.087194	0.13945	0.12181	0.40512	0.10248	-0.33172	0.13959	-0.11024	0.25253	-0.26366	-0.17484	0.2288	0.55573	0.31424	0.024674	0.076955	-0.25179	0.23507	-0.16112	0.12539	0.19138	0.10114	0.1264	0.40041	0.17483	0.31335	0.10555	0.26115	0.11592	0.2735	0.53352	0.23843	0.059737	0.24557	0.21204	0.55022	-0.33791	0.063309	0.51666	0.39061	0.38399	-0.30285	0.19851	0.27628	0.42398	0.21275	0.26937	0.53553	0.37852	0.44054	0.32863	0.078388	0.26223	0.27886	0.59325	-0.23998	0.34063	0.36915	0.24607	-0.28862	0.28786	-0.021597	-0.276
0.13471	-0.3668	-0.12759	-0.22846	-0.12517	-0.24678	-0.11713	0.028064	-0.2994	-0.028448	-0.061886	-0.10427	0.26198	-0.24412	-0.2374	-0.21131	-0.088959	-0.20699	-0.27552	-0.21275	-0.19724	-0.26918	-0.099109	-0.036799	0.062633	0.50236	0.11687	-0.012641	0.067245	-0.13039	0.20754	0.88771	-0.093265	-0.081687	-0.39893	0.076514	0.0066755	-0.31403	-0.27306	-0.043891	-0.019672	0.010805	-0.040227	-0.15324	0.10909	0.076986	-0.29452	-0.15004	-0.30658	0.42231	0.19048	-0.0069279	-0.1417	-0.077108	-0.32763	0.038965	-0.25185	-0.26549	-0.3156	-0.13619	0.10631	-0.018647	-0.1855	0.021731	-0.3643	-0.34208	-0.023495	0.10748	-0.20504	-0.051663	-0.12894	0.00093603	-0.15209	-0.19226	-0.11373	-0.22427	-0.048828	-0.12801	-0.081775	-0.010937	-0.038436	0.00020319	-0.051096	-0.36252	0.032464	-0.097412	-0.34404	-0.2594	-0.2111	-0.12576	-0.12983	-0.053216	0.1868	0.056637	-0.18178	-0.12552	-0.091449	-0.11913	-0.0077374	-0.030891	-0.16567	-0.105	0.047115	-0.0095723	-0.19341	-0.14537	0.0020122	0.235	0.24673	-0.043105	-0.14317	0.004202	0.17563	-0.044867	-0.26216	0.050411	-0.14165	-0.016171	-0.10458	0.004856	-0.1531	0.057543	-0.10779	-0.23632	-0.12439	0.030765	0.009918	0.23163	-0.38714	-0.13222	-0.29443
0.50078	-0.10215	-0.0019597	-0.24634	0.81374	-0.047427	0.058733	0.20632	0.18	0.56996	0.10351	-0.20182	0.2346	0.064117	0.02296	-0.0015215	0.034854	-0.099425	0.13498	0.4803	0.36125	0.19145	0.74717	0.32656	0.25682	-0.33735	0.53397	0.46744	-0.1476	0.62451	0.38101	-0.093265	0.9024	0.58935	0.18346	0.7153	0.64924	0.018691	0.35889	0.24053	0.69351	0.79957	0.58666	0.1834	-0.25964	0.70646	0.52226	0.17899	0.21557	-0.08944	0.66963	0.63192	0.32382	0.74221	0.3879	0.67807	-0.13828	0.63009	0.6214	-0.07732	0.64644	0.078151	-0.14218	0.60068	0.056467	0.061338	0.35936	0.39704	0.24413	0.49063	0.10208	0.84746	0.075934	-0.087522	0.35046	-0.11216	0.25431	-0.062396	-0.087428	0.64354	0.71486	0.70644	0.3379	0.4168	-0.020493	0.60979	-0.22344	0.14135	0.61408	0.35104	0.056182	0.61862	0.37993	0.62833	0.22559	0.28381	0.51295	0.68906	0.14288	0.60938	0.46166	0.66498	0.54384	0.78009	-0.078916	0.57712	0.81542	0.35266	0.070288	-0.031113	0.48683	0.59393	0.4305	0.73008	0.65033	0.74887	0.76211	0.77732	0.14058	0.17768	0.12268	0.40648	0.70826	-0.38541	0.75745	0.63942	0.65082	-0.18047	0.1467	0.19867	-0.25534
0.51663	0.30372	0.21363	-0.14539	0.72713	0.22908	0.3312	0.61038	0.25916	0.32389	0.32591	0.01779	0.24932	0.28298	0.14634	-0.15412	0.23166	-0.046061	0.43732	0.22873	0.77422	0.14168	0.88694	0.76781	0.49288	-0.22004	0.43827	0.35148	0.029819	0.65898	0.16014	-0.081687	0.58935	0.97427	0.14703	0.84919	0.85292	0.24141	0.55144	0.33961	0.29897	0.69665	0.92534	0.50641	-0.21	0.65895	0.60463	0.55639	-0.13882	-0.15781	0.62798	0.82628	0.34106	0.91601	0.22526	0.76086	0.025169	0.34409	0.35671	-0.09975	0.74581	-0.10736	0.0059939	0.013311	0.31207	0.25542	0.0037048	0.18873	0.55541	0.71428	0.28416	0.68856	0.057751	0.017867	0.71236	0.24575	0.40635	0.26934	0.20428	0.87262	0.62991	0.83215	0.56196	0.41875	0.010578	0.83289	0.020457	0.41438	0.70389	0.31954	0.25383	0.53032	-0.034045	0.73016	0.61969	0.34758	0.75918	0.92968	0.24704	0.9354	0.74554	0.82223	0.84179	0.66002	0.022595	0.752	0.61303	-0.13406	0.21557	0.078172	0.74772	0.71969	-0.02536	0.76862	0.64798	0.60066	0.7369	0.43997	0.10097	0.48338	0.083026	0.62043	0.64013	-0.14752	0.75171	0.29612	0.66711	-0.21722	0.044744	0.49897	-0.24072
0.17296	0.31954	0.27996	0.43894	0.32015	0.33956	0.26544	-0.015384	0.57437	0.15854	-0.10502	0.19854	0.086231	0.424	0.29923	0.17824	0.34847	0.14654	-0.090241	0.36595	0.054389	0.43714	0.15976	0.024178	0.092766	-0.44609	0.25119	0.39942	0.24343	0.32937	0.17333	-0.39893	0.18346	0.14703	0.81752	0.057565	0.1699	0.44285	-0.0086768	0.39331	0.18516	0.19699	0.18198	0.0010689	-0.14891	0.16817	0.050868	-0.010978	0.42393	-0.37532	-0.019206	0.25582	0.525	0.15625	0.51264	0.15869	0.57014	0.29626	0.4314	0.39242	0.019777	0.22139	-0.24018	0.054657	0.43591	0.58501	0.50947	0.24366	0.28852	0.1423	-0.14932	0.19154	0.31589	0.52704	0.1504	0.46921	0.28675	0.27376	0.17375	0.18532	0.12573	0.1303	0.17644	0.29022	0.40839	0.089622	0.24518	0.16562	0.2518	0.0013828	-0.17345	-0.024152	-0.14791	0.15098	-0.06018	0.2886	0.20084	0.14093	0.09246	0.11162	0.2679	0.066099	0.21041	0.18151	0.36831	0.24066	0.1744	-0.10542	-0.012523	0.29033	0.17784	0.11131	0.061331	0.25094	0.10899	0.24851	0.042259	0.11974	0.17394	-0.10364	0.46092	0.11278	0.29065	0.1089	0.23801	-0.067183	0.21721	-0.41369	0.30072	0.45725	0.35841
0.66744	0.25113	0.24709	-0.31558	0.82454	0.22662	0.34961	0.45241	0.26338	0.37883	0.24251	-0.1128	0.24853	0.27733	0.23446	-0.10707	0.29614	-0.070587	0.44873	0.25329	0.70407	0.18466	0.83293	0.75093	0.60082	-0.20493	0.56023	0.46123	-0.11572	0.7631	0.44329	0.076514	0.7153	0.84919	0.057565	0.96251	0.84393	0.19632	0.63794	0.34146	0.48486	0.79501	0.84203	0.56623	-0.23612	0.74958	0.54169	0.58923	-0.13259	-0.10088	0.7599	0.78391	0.31247	0.87144	0.3363	0.82122	-0.074608	0.49774	0.41825	-0.11118	0.81658	-0.14547	-0.047263	0.25692	0.25197	0.15763	0.076128	0.428	0.46607	0.70151	0.35389	0.80085	0.0020687	-0.12887	0.62229	0.09584	0.45069	0.050973	0.11144	0.82656	0.79596	0.89107	0.38474	0.4048	-0.12652	0.87209	-0.07168	0.50978	0.67837	0.38529	0.38909	0.61681	0.16387	0.79703	0.60342	0.34893	0.76146	0.90622	0.41117	0.90178	0.64406	0.80039	0.79383	0.69107	-0.12243	0.67807	0.7529	0.039153	0.39481	-0.091626	0.76719	0.80328	0.23144	0.76678	0.6137	0.73797	0.84555	0.6948	0.20117	0.40871	0.080887	0.73436	0.75041	-0.29561	0.80596	0.46161	0.7158	-0.20888	0.19964	0.36682	-0.35198
