0.11105	0.088484	0.1216	0.057115	0.031424	0.12994	0.15216	0.07636	0.067918	0.062475	0.038329	-0.0030312	0.067792	0.033721	0.12886	0.057478	0.11498	0.08935	0.039638	0.0419	0.017735	0.1294	0.012158	0.018913	-0.053395	0.03944	0.086656	0.095867	0.0073853	0.079436	0.060191	0.05162	0.069871	0.016908	0.082913	0.033374	0.015628	0.060322	0.027808	0.051763	0.030357	0.040477	0.019036	-0.0011525	0.044275	0.062112	0.022026	-0.019616	0.032886	0.0025881	0.048074	0.015935	0.079638	0.030852	0.026608	0.013482	0.080763	0.05775	0.11212	0.037019	0.043228	0.014384	-0.00042592	-0.013024	0.052972	0.023156	0.0057082	0.10449	-0.004207	0.046891	0.0099713	0.014617	0.052178	0.022511	0.03354	0.081658	0.049153	0.025048	0.017107	0.065005	0.087244	0.014059	-0.044426	0.015311	0.0068933	0.02055	0.050962	0.010819	0.069046	0.0093282	0.0028731	0.054083	0.026938	-0.048697	-0.0018323	0.021584	0.014204	-0.0079743	0.041851	-0.0076062	0.018045	0.037087	-0.0047115	-0.0014024	0.064949	0.040192	0.017923	0.010133	0.087212	0.0050806	-0.043746	0.023116	0.062143	0.031178	0.052297	0.025495	-0.0085231	0.079394	0.082433	0.13424	-0.08848	0.088236	0.043296	0.029454	0.013506	0.049701	0.00057976	0.14658	-0.062826	0.018196
0.088484	0.10641	0.14898	0.070966	0.025906	0.14857	0.17813	0.074878	0.075651	0.046777	0.038798	-0.00064781	0.032049	0.048706	0.12379	0.075269	0.13562	0.11076	0.048553	0.041914	0.013512	0.13705	-0.00026165	0.014842	-0.040745	0.031578	0.078458	0.081452	0.012989	0.067177	0.044215	0.038457	0.054898	0.0026328	0.087791	0.014318	0.0077592	0.089979	0.02436	0.061174	0.026279	0.021101	0.0072088	0.0093729	0.021737	0.036724	0.020772	-0.016715	0.039147	0.0029598	0.030877	0.001588	0.060482	0.013447	0.068006	0.010551	0.075692	0.035778	0.11046	0.032131	0.020134	0.0064464	-0.0010079	-0.0090696	0.049731	0.036142	0.0049947	0.045663	0.0054527	0.031088	0.0059033	0.0032063	0.044773	0.0090634	0.022638	0.10836	0.03061	0.050866	0.017337	0.028495	0.06191	0.0059722	-0.037421	0.028189	0.0059757	0.0086328	0.045379	0.0059378	0.041207	0.015429	-0.0058049	0.040808	0.019228	-0.030623	0.00038349	0.028308	0.0042303	-0.01379	0.074438	-0.013019	0.01495	0.02352	-0.0045857	-0.0023957	0.09801	0.0067241	0.0063844	0.012974	0.074155	0.018505	-0.030981	0.014942	0.035791	0.0093723	0.046444	0.036415	0.0023239	0.039865	0.052743	0.15925	-0.069862	0.077907	0.066138	0.015554	0.012495	0.012201	0.0018746	0.15739	-0.028306	-0.0069233
0.1216	0.14898	0.23442	0.10446	0.037454	0.22591	0.28026	0.099749	0.11374	0.070698	0.067603	0.0023853	0.047184	0.085261	0.18122	0.11523	0.2084	0.17001	0.076907	0.046051	0.018477	0.20237	-0.0072515	0.024455	-0.034433	0.039288	0.11088	0.099006	0.012019	0.092588	0.066814	0.050927	0.076	0.0096063	0.14593	0.022161	0.011799	0.14964	0.056532	0.095574	0.047623	0.025028	0.014068	0.017732	0.024378	0.038741	0.0087869	-0.0015366	0.058768	0.0012129	0.037372	0.0080742	0.088667	0.016914	0.14645	0.010214	0.095788	0.094794	0.17034	0.045441	0.019619	0.013865	0.0046565	-0.016262	0.067109	0.083337	0.0093524	0.063261	0.012733	0.034292	0.0018635	0.0094783	0.059929	0.00085346	0.047471	0.14023	0.019459	0.074943	0.013905	0.026678	0.088418	0.015914	-0.03578	0.045501	0.0062255	0.0021359	0.063314	-0.00039398	0.060874	0.020998	0.0025828	0.051258	0.032813	-0.02185	-0.00080524	0.10444	0.014268	-0.0074811	0.14506	-0.0078046	0.031212	0.020546	-0.0025471	0.00074101	0.1518	0.013449	0.023208	0.006662	0.094814	0.018906	-0.039579	0.011656	0.06445	0.0059553	0.074357	0.048266	0.0077191	0.058299	0.053013	0.21946	-0.057794	0.12347	0.11442	0.020076	0.010465	-0.012721	0.0043368	0.2644	-0.021582	-0.041151
0.057115	0.070966	0.10446	0.056444	0.023391	0.10203	0.12163	0.04518	0.063431	0.028386	0.030814	0.0050439	0.023379	0.04206	0.085372	0.050682	0.10055	0.07508	0.037955	0.026924	0.0073475	0.089827	0.00044467	0.010339	-0.026529	0.017456	0.054528	0.048336	0.012147	0.04523	0.030639	0.025203	0.036637	0.0048521	0.071302	0.010269	0.0048952	0.068744	0.024897	0.05201	0.0049033	0.013062	0.010094	0.0054278	0.015592	0.026949	0.016324	-0.00015172	0.030009	0.0010018	0.018138	-0.0011357	0.036035	0.0099218	0.056879	0.0093944	0.061115	0.021887	0.071952	0.020173	0.018735	0.0034175	-0.0016064	-0.0036813	0.037105	0.04185	-0.0022114	0.025596	0.0056182	0.022566	0.0036432	0.0036421	0.028366	-0.0028509	0.024694	0.081206	0.016463	0.040797	0.0039812	0.01819	0.029141	-0.0015891	-0.028725	0.02615	0.0053024	0.0058033	0.038649	-0.00081034	0.029344	0.0070453	-0.0019107	0.024756	0.0081608	-0.02202	0.0019093	0.026824	0.0047357	-0.0043117	0.053654	-0.0052195	0.0051006	0.021121	-0.0015881	-0.0034359	0.072309	0.0025426	-0.0056615	0.0053856	0.049232	0.029789	-0.012484	0.011451	0.018254	0.0090401	0.021114	0.018466	-0.0014705	0.02244	0.041714	0.10868	-0.038905	0.054068	0.053564	0.017305	0.0067451	0.013568	0.0020553	0.10683	-0.044766	-0.010533
0.031424	0.025906	0.037454	0.023391	0.031533	0.034345	0.033058	0.057421	0.032534	0.026036	0.004115	0.0044795	0.035792	0.016023	0.033082	0.016333	0.034128	0.024157	0.018991	0.012679	0.019796	0.040576	0.0037424	0.011286	-0.015595	0.0049957	0.024858	0.025751	0.0038849	0.040614	0.0227	0.023783	0.033515	0.0030685	0.03376	0.014728	0.0047991	0.023873	0.01479	0.030459	0.0015881	0.021677	-0.0014361	-0.00080964	0.010099	0.025856	0.015249	0.0073531	0.015525	-0.0012866	0.01216	0.001798	0.026668	0.014402	0.017024	0.030631	0.034338	0.010103	0.032396	0.011293	0.022263	0.0063094	-0.0038555	0.00050325	0.024902	0.032402	-0.0022825	0.026053	-0.0074911	0.015815	-0.0032471	0.020387	0.013174	0.00091075	0.038539	0.027101	0.01291	0.015202	-0.0062728	0.014031	0.034387	0.0057568	0.0014277	0.0036072	0.0069064	0.0083765	0.022471	0.015456	0.026688	-0.0034643	0.0033517	0.0064584	0.0062115	-0.00012016	0.023001	0.03476	0.018657	0.0075839	0.017407	-0.0021772	0.024263	0.022819	0.010268	0.01157	0.0017621	0.0035528	0.016135	0.004022	0.02978	-0.0069862	0.024213	0.012734	0.016099	0.010944	0.03477	0.013477	-0.0012754	0.031989	0.015259	0.046305	-0.027649	0.031844	0.019609	0.032328	-0.0061797	0.015996	-0.00061354	0.045706	-0.068425	-0.0019152
0.12994	0.14857	0.22591	0.10203	0.034345	0.24223	0.28274	0.098086	0.11252	0.077082	0.075333	-0.0023255	0.054286	0.071781	0.18888	0.11579	0.21504	0.16503	0.078663	0.056051	0.01208	0.21735	0.0018668	0.023893	-0.044889	0.053167	0.1214	0.11269	0.015773	0.096319	0.075881	0.066172	0.086167	0.011708	0.15124	0.024679	0.015031	0.14686	0.052204	0.092819	0.052829	0.034049	0.020962	0.017216	0.033576	0.049242	0.017486	-0.012467	0.061337	0.0057296	0.042131	0.016253	0.10695	0.022094	0.14553	0.0023344	0.098015	0.085558	0.17425	0.048152	0.025964	0.020071	-0.0015221	-0.017832	0.06364	0.055546	0.0059674	0.071019	0.0048446	0.040702	0.009511	0.01265	0.063868	0.014954	0.029285	0.13062	0.026893	0.052645	0.017402	0.040194	0.088976	0.018546	-0.04359	0.027083	0.0076555	0.0077985	0.048545	0.0089651	0.061553	0.021805	0.0012804	0.060275	0.039712	-0.036104	-0.011657	0.093282	0.014766	-0.014476	0.13621	-0.010417	0.02139	0.022739	-0.006128	-0.006663	0.16318	0.021487	0.021887	0.016625	0.094685	0.03048	-0.052685	0.013839	0.067079	0.014463	0.064528	0.038105	0.0023385	0.063419	0.069225	0.23508	-0.071284	0.12206	0.091587	0.021861	0.027049	0.0028439	0.0029053	0.26632	-0.043321	-0.022434
0.15216	0.17813	0.28026	0.12163	0.033058	0.28274	0.3912	0.062086	0.14277	0.077359	0.10202	-0.0056236	0.051822	0.082999	0.25213	0.14199	0.27997	0.21035	0.095636	0.053681	0.0060163	0.28682	0.0033641	0.026705	-0.051468	0.057711	0.15012	0.1316	0.013006	0.10181	0.082864	0.051161	0.086437	0.021579	0.20006	0.033305	0.021315	0.19702	0.087501	0.11416	0.071246	0.037096	0.034041	0.02883	0.0025112	0.052375	-0.010611	-0.0051325	0.071715	-0.0031168	0.063154	0.023281	0.12921	0.028529	0.19899	-0.0082396	0.10156	0.11795	0.22702	0.052433	0.026666	0.015678	-0.0083692	-0.033156	0.060579	0.071751	0.015169	0.078644	0.014788	0.051378	0.031841	0.010267	0.066377	0.014912	0.050727	0.17876	0.022999	0.069263	0.033018	0.053023	0.12207	0.023099	-0.049638	0.046342	0.0078999	0.005419	0.053015	-0.0087849	0.081405	0.034111	-0.0069003	0.078968	0.045608	-0.043732	-0.024118	0.15995	0.015499	-0.011526	0.18219	-0.007513	0.044672	0.021207	-0.0087158	0.011368	0.19502	0.034851	0.02926	0.04401	0.11102	0.03556	-0.096735	0.013586	0.094556	0.015541	0.066165	0.039239	0.022079	0.10067	0.091214	0.28075	-0.084986	0.15905	0.12929	0.02975	0.035798	-0.0066304	0.0059635	0.34911	-0.040879	-0.064915
0.07636	0.074878	0.099749	0.04518	0.057421	0.098086	0.062086	0.22952	0.039375	0.081017	-0.0099385	-0.0035199	0.054425	0.026031	0.027667	0.05122	0.041555	0.074831	0.038391	0.045963	0.048287	0.063354	-0.015573	0.025493	-0.037342	0.016361	0.04913	0.067062	-0.0017711	0.10729	0.056384	0.092737	0.087615	-0.013915	0.021637	0.014967	0.0049664	0.037843	-0.016803	0.038722	0.036508	0.037195	-0.026174	-0.0017114	0.051982	0.042799	0.047897	-0.023467	0.0214	0.0195	0.017721	-0.0072856	0.057772	0.014389	0.010802	0.063291	0.05244	0.01891	0.096581	0.04147	0.018544	0.018968	-0.0086476	0.0057348	0.086387	0.032274	0.0048279	0.053518	-0.011507	0.029777	-0.025811	0.027928	0.051663	-0.0061149	0.035401	0.082715	0.033335	0.055515	-0.011745	0.010086	0.09412	0.021792	0.0044669	0.0034817	0.0097238	0.0071192	0.03507	0.064896	0.041968	0.0053762	0.0056084	0.025201	0.029042	0.0052096	0.053504	0.02643	0.021876	-0.0093056	0.061182	-0.026676	0.051852	0.03226	0.021773	-0.0059174	-0.0064679	-0.0016102	0.054823	-0.030667	0.07899	-0.065283	0.058462	0.023009	0.029723	0.0016633	0.13251	0.076825	-0.015451	0.04003	0.0018727	0.11505	-0.087025	0.053452	0.012835	0.03452	-0.032033	-0.0046838	0.00031014	0.080748	-0.082778	0.011255
0.067918	0.075651	0.11374	0.063431	0.032534	0.11252	0.14277	0.039375	0.10683	0.037035	0.045501	0.0062318	0.039188	0.037513	0.10277	0.055202	0.1374	0.078892	0.047781	0.020834	-0.00099872	0.096912	-0.0036156	0.012361	-0.052591	0.021754	0.076432	0.049608	0.0047368	0.055992	0.054495	0.061632	0.030897	0.013392	0.10879	0.022842	0.01185	0.11478	0.045475	0.078388	-0.012486	0.029502	0.032238	-0.0065235	0.012421	0.059406	-0.0038535	-0.0089322	0.035426	0.0030837	0.040503	0.0065242	0.030698	0.018304	0.045023	0.0035794	0.056615	0.057992	0.099	0.023078	0.03191	0.0060742	0.0056545	-0.0045934	0.049106	0.054895	-0.020798	0.029024	-0.0041149	0.044201	-0.035204	0.0033705	0.04643	0.0030119	0.029204	0.10826	0.032954	0.029587	-0.001779	0.062493	0.06957	-0.0075315	-0.036007	0.035588	0.0035337	0.021388	0.062566	0.0073662	0.065482	-0.00066513	0.0060394	0.069561	0.016346	-0.059053	0.0010791	0.036002	0.021063	0.0018894	0.019684	-0.0044895	0.014579	0.043192	0.0066564	-0.012322	0.076795	0.037662	-0.019611	0.029999	0.095397	0.012279	-0.039384	0.025557	0.017006	0.032714	0.032702	0.011514	-0.026535	0.056142	0.091301	0.12062	-0.082316	0.075213	0.078446	0.042738	-0.0015244	0.066229	-0.00015723	0.14302	-0.099576	-0.020775
0.062475	0.046777	0.070698	0.028386	0.026036	0.077082	0.077359	0.081017	0.037035	0.058507	0.019336	-0.00047496	0.041823	0.016575	0.05952	0.033884	0.057231	0.051544	0.029646	0.026674	0.019462	0.075495	0.011834	0.015734	-0.021208	0.020109	0.051518	0.053032	-9.4029e-05	0.065834	0.046027	0.049189	0.059928	0.010529	0.046752	0.029158	0.012676	0.044616	0.014019	0.035485	0.040812	0.034634	0.012997	-0.0040178	0.02399	0.036713	0.0099014	-0.0090815	0.02323	-0.00086737	0.03102	0.019338	0.050965	0.027758	0.040556	0.024445	0.040932	0.050745	0.079896	0.027557	0.035794	0.015121	0.003445	-0.013697	0.040892	0.024202	0.0044964	0.052551	-0.0012867	0.027922	-0.0073271	0.023409	0.042004	0.017182	0.022302	0.041437	0.02262	0.020509	-0.0016798	0.031676	0.061044	0.02513	-0.018957	-0.0053427	0.0072783	0.011822	0.039132	0.018394	0.048801	-0.0022835	0.01441	0.016757	0.02999	-0.01426	0.011089	0.038876	0.0177	0.0080898	0.025668	0.0022726	0.020351	0.030458	0.0099018	0.0092312	0.022995	0.023495	0.041216	0.0071818	0.05666	-0.02629	-0.0099995	0.014417	0.051255	0.018253	0.057177	0.032929	-0.0033508	0.058994	0.031095	0.082875	-0.038357	0.055945	0.013885	0.02097	0.0058587	0.0086232	-0.00093727	0.12251	-0.043825	0.0056351
0.038329	0.038798	0.067603	0.030814	0.004115	0.075333	0.10202	-0.0099385	0.045501	0.019336	0.04002	-0.00057375	0.017797	0.021001	0.07078	0.034607	0.083909	0.046047	0.027372	0.011042	-0.0093903	0.068462	0.0059752	0.0051739	-0.011194	0.013818	0.043267	0.026604	0.0011994	0.017618	0.026941	0.016521	0.016723	0.011915	0.069224	0.011157	0.0079694	0.059636	0.031585	0.033786	0.013956	0.011615	0.022477	0.0053104	-0.0030013	0.017026	-0.0096658	0.0020032	0.020392	-0.0010425	0.017278	0.014392	0.035684	0.0098808	0.060921	-0.015431	0.022801	0.045901	0.059654	0.012598	0.0094106	0.0074818	-8.9394e-05	-0.0099342	0.0099816	0.023343	-0.0051399	0.019948	0.0058751	0.015567	0.0029233	0.0031243	0.015743	0.0037896	0.0018019	0.037241	0.0018	0.0035509	0.0015133	0.02365	0.02131	0.0059764	-0.016041	0.0083647	0.0011952	0.0040957	0.017389	-0.0086634	0.025929	0.0055832	0.0035594	0.027088	0.013323	-0.020611	-0.018383	0.044534	0.0068989	4.7192e-05	0.038342	0.0044456	0.0022505	0.0050007	-0.0024445	-0.0034829	0.061208	0.023414	-0.00018921	0.0064325	0.022884	0.018263	-0.041159	0.002008	0.024862	0.013286	0.0016251	-0.002826	-0.0012884	0.025877	0.035429	0.06311	-0.013705	0.040094	0.030645	0.0095287	0.01375	0.0082394	0.00087335	0.090876	-0.018996	-0.019021
-0.0030312	-0.00064781	0.0023853	0.0050439	0.0044795	-0.0023255	-0.0056236	-0.0035199	0.0062318	-0.00047496	-0.00057375	0.01061	-0.00032697	0.012259	-0.00044303	-0.0010217	0.0042066	-0.00087298	0.0038318	-0.0030204	0.0044273	-0.0015624	-0.0020815	0.0017615	0.0041402	-0.00023751	-0.0014359	-0.00094699	0.010898	0.003919	-0.0007791	-0.0032996	0.0074205	0.00014992	-0.0015816	0.0015168	-0.00011215	0.001769	0.0073359	0.0073176	-0.0059948	-0.0023053	0.00099523	0.00037033	-0.00012164	-0.0025154	-0.00085894	0.017539	0.0053496	-0.00018705	-0.0029518	-0.0013456	-0.0023482	-0.00043891	0.0027341	0.0046344	0.02273	0.0056802	-0.0043253	-0.00088787	0.0045986	-0.0006105	0.0055351	9.05e-05	0.0077753	0.021571	0.0017016	-0.0016934	0.0098816	-0.00051836	-0.002455	0.00214	-0.00096384	0.00036788	0.0097997	-0.0019172	-0.0025217	0.014343	0.0026215	-0.0064725	-0.017757	-0.0024659	-0.0030389	0.011863	0.0010754	-0.0020648	0.013538	-0.00532	-9.1831e-05	-7.7664e-05	0.005743	-0.0079516	0.0002667	0.0038059	0.0035818	0.0011285	0.0033892	0.0041315	-0.001158	0.0037443	-0.011354	0.0027823	0.00055811	0.0010375	0.0044818	-0.0092511	0.00034244	0.0034286	-0.0035049	0.022925	0.017845	-0.00061984	0.0001814	-0.002346	-0.0018886	-0.0020929	-0.0012628	-0.0069971	-0.00029713	0.007601	0.017495	0.0047687	0.013463	0.00018786	-0.0033586	-0.0031216	-0.00020275	0.011838	-0.0068949	-0.00084662
0.067792	0.032049	0.047184	0.023379	0.035792	0.054286	0.051822	0.054425	0.039188	0.041823	0.017797	-0.00032697	0.099089	0.019173	0.079172	0.01276	0.051425	0.028309	0.011415	0.011911	0.01825	0.052346	0.0076112	0.015708	-0.027622	0.02414	0.045318	0.048062	0.0043824	0.040081	0.043395	0.026064	0.042825	0.011928	0.055732	0.016223	0.006681	0.024873	0.02343	0.029894	-0.017611	0.026143	0.0044619	6.2284e-05	0.024182	0.043212	0.01814	0.005235	0.0088981	-0.0088312	0.0080642	0.0075713	0.063148	0.017861	-0.011038	0.017105	0.055006	0.019993	0.034032	0.020876	0.027607	0.01696	-0.0041292	0.013741	0.027745	0.017417	0.0019028	0.10757	-0.017716	0.020677	0.0038538	0.01603	0.017715	0.021403	0.045598	-0.0083908	0.02894	-0.016316	-0.00070466	0.03958	0.050668	0.00016325	0.0015826	-0.0015558	0.003886	0.016163	0.0094859	0.015727	0.037894	-0.0035339	0.0038409	0.030772	-0.0027764	-0.018215	0.0086243	0.056741	0.023415	-0.0029889	0.029347	-0.0029923	0.02117	0.020121	-0.00022979	-0.013122	0.018081	0.020447	-0.012606	-0.022525	0.021618	0.012602	0.0040163	0.014599	0.023472	0.02283	0.02113	-0.0020693	-0.015925	0.041918	0.040763	0.040771	-0.042384	0.033725	0.032871	0.035594	0.0013572	0.052592	-0.0038156	0.042141	-0.079077	0.0064077
0.033721	0.048706	0.085261	0.04206	0.016023	0.071781	0.082999	0.026031	0.037513	0.016575	0.021001	0.012259	0.019173	0.060785	0.067642	0.036445	0.067796	0.052701	0.027814	0.013451	0.01442	0.054937	-0.013797	0.0090955	0.013141	0.012832	0.022558	0.031887	0.01282	0.024521	0.0076147	-0.0039209	0.021257	-0.0021443	0.060459	-0.0030329	-0.0023569	0.052841	0.025293	0.033807	0.0061752	-0.0085777	-0.0077615	0.011701	0.0024172	-0.0087636	0.0045601	0.028041	0.024879	7.5903e-06	-0.0095488	-0.0066469	0.02994	-0.007811	0.065435	0.0060196	0.060653	0.045302	0.041762	0.015375	-0.0066246	0.0019635	0.010012	0.0014269	0.010533	0.062382	0.0012147	0.016997	0.010829	-0.0066504	-0.0051451	0.0048065	0.0044551	-0.011696	0.030082	0.032487	-0.0071887	0.043008	-9.8956e-05	-0.024091	-0.0088019	0.001629	-0.0011443	0.025724	0.001076	-0.011903	0.022941	-0.010375	0.0071321	0.0083673	0.0065631	-0.0043296	0.0010344	0.021969	0.0067214	0.055026	0.0068477	0.0012982	0.091119	0.00075539	0.0034833	-0.0096379	-0.0039948	0.0031656	0.065251	-0.017686	0.0035803	-0.011554	-0.0022107	0.031486	0.032556	-0.0076171	0.011952	-0.01345	0.024841	0.026392	0.0050371	-0.014593	-0.01719	0.069361	0.032014	0.037993	0.066106	0.0027528	-0.0079175	-0.03726	0.0022811	0.093162	0.017035	-0.013415
0.12886	0.12379	0.18122	0.085372	0.033082	0.18888	0.25213	0.027667	0.10277	0.05952	0.07078	-0.00044303	0.079172	0.067642	0.22504	0.088268	0.19408	0.12436	0.056778	0.047174	0.018771	0.20572	0.020223	0.02085	-0.041453	0.055032	0.11155	0.12509	0.020565	0.074435	0.055398	0.027561	0.076394	0.018215	0.16141	0.030662	0.014211	0.13593	0.064224	0.08088	0.029919	0.032499	0.020489	0.018304	0.0067071	0.048979	0.014929	-0.0034209	0.044464	-0.0010929	0.042036	0.017313	0.11053	0.030742	0.10959	0.013086	0.11052	0.059757	0.13905	0.040317	0.037796	0.010088	0.0001282	-0.019441	0.016463	0.059084	0.012543	0.102	-0.0042473	0.034858	0.029409	0.014351	0.045525	0.04375	0.05796	0.090805	0.037508	0.022845	0.030225	0.045024	0.073755	0.011808	-0.038397	0.028026	0.0096092	0.016152	0.03724	-0.017457	0.06254	0.011298	-0.0049826	0.03983	0.020575	-0.032342	-0.0077658	0.10548	0.0174	-0.002329	0.12234	0.00010858	0.022096	0.031744	-0.0097676	0.021329	0.13563	0.011995	0.0054891	0.02958	0.065395	0.047169	-0.055879	0.016248	0.066684	0.022714	0.029016	0.028043	0.021036	0.070393	0.07812	0.18375	-0.059005	0.1084	0.10493	0.028191	0.04047	0.025003	0.0010328	0.26271	-0.032019	-0.014559
0.057478	0.075269	0.11523	0.050682	0.016333	0.11579	0.14199	0.05122	0.055202	0.033884	0.034607	-0.0010217	0.01276	0.036445	0.088268	0.071594	0.10414	0.079322	0.041216	0.028657	0.0092822	0.10861	0.0069804	0.011557	-0.013859	0.018878	0.056677	0.050098	0.001373	0.047362	0.031564	0.026501	0.037535	0.0030585	0.075816	0.012013	0.0070247	0.079895	0.025055	0.054231	0.043088	0.016218	0.0048412	0.01344	0.0030056	0.016209	0.0091142	-0.0073915	0.033885	0.01367	0.021178	0.011901	0.045902	0.013439	0.076849	0.0064661	0.043227	0.04288	0.090268	0.022316	0.0063234	0.009193	0.0083843	-0.016569	0.036702	0.032668	0.0059659	0.022523	0.012721	0.01557	0.0086139	0.012951	0.030346	-0.0043323	0.013458	0.069036	0.002647	0.050024	0.0064468	0.010637	0.049894	0.015789	-0.017396	0.014467	0.0054324	0.0037614	0.036259	0.00074494	0.025406	0.015939	-0.0040057	0.018253	0.026071	-0.0057319	-0.0051769	0.031455	0.0052818	-0.0074871	0.069997	-0.0029669	0.027921	0.007409	-0.0010001	0.0076384	0.077524	0.0029886	0.02696	0.0081626	0.052594	-0.0081354	-0.037482	0.0037512	0.038699	0.0081669	0.043948	0.020714	0.018195	0.029609	0.025515	0.11872	-0.03559	0.059715	0.057614	0.0048727	0.018471	-0.015869	0.00098613	0.15033	-0.02012	-0.021958
0.11498	0.13562	0.2084	0.10055	0.034128	0.21504	0.27997	0.041555	0.1374	0.057231	0.083909	0.0042066	0.051425	0.067796	0.19408	0.10414	0.23818	0.14613	0.079911	0.040293	-0.0019417	0.20092	0.0034176	0.01971	-0.054961	0.04547	0.1209	0.098263	0.013525	0.0767	0.071128	0.056852	0.062403	0.015964	0.16798	0.026854	0.018067	0.16761	0.074289	0.099718	0.019541	0.03627	0.038515	0.015239	0.012258	0.05978	-0.0035035	0.002591	0.055462	0.00076057	0.050319	0.018758	0.088519	0.02368	0.12533	-0.0064228	0.090543	0.080995	0.16175	0.037281	0.027108	0.012855	-0.0054507	-0.017562	0.052443	0.078576	-0.0069205	0.049439	0.015563	0.050682	-0.0015624	0.0057512	0.049156	0.017986	0.030279	0.14166	0.028919	0.038123	0.021596	0.061623	0.087786	0.0048549	-0.032239	0.042311	0.0070452	0.016942	0.064532	-0.0020536	0.073938	0.01826	-0.0024235	0.078794	0.029858	-0.056858	-0.015079	0.11092	0.024071	-0.0058917	0.098286	-0.0053566	0.026164	0.032611	0.0035691	-0.00052232	0.14675	0.037521	-0.0028237	0.038066	0.092652	0.039631	-0.070297	0.020095	0.048657	0.029234	0.038523	0.021085	-0.0034212	0.072575	0.10126	0.22055	-0.08536	0.11955	0.10671	0.042817	0.023276	0.039232	0.00096775	0.2426	-0.076312	-0.039971
0.08935	0.11076	0.17001	0.07508	0.024157	0.16503	0.21035	0.074831	0.078892	0.051544	0.046047	-0.00087298	0.028309	0.052701	0.12436	0.079322	0.14613	0.13706	0.053836	0.030991	0.0094812	0.15641	-0.0088316	0.016903	-0.033687	0.032874	0.083592	0.070536	0.0097572	0.068631	0.052797	0.039357	0.05629	0.012329	0.090233	0.017798	0.0090504	0.096436	0.036379	0.065959	0.029988	0.015913	0.015894	0.0072454	0.019875	0.032881	0.0014678	-0.0077356	0.04462	-0.0017446	0.031955	0.0008423	0.058104	0.013065	0.11248	0.0045115	0.065766	0.062947	0.12744	0.034562	0.0228	0.0079119	-0.0046999	-0.010526	0.057806	0.040123	0.0097562	0.052908	0.00073143	0.03143	0.0091982	-0.0014196	0.052954	0.0019883	0.038703	0.12055	0.021952	0.052004	0.010304	0.027077	0.06691	0.0061421	-0.041886	0.035696	0.0032284	-0.00027494	0.043279	0.0021592	0.048536	0.013101	0.0027115	0.043678	0.024095	-0.028862	-0.0031706	0.071106	0.0026731	-0.005706	0.09482	-0.0072218	0.011554	0.020969	-0.0064458	-0.010491	0.11258	0.014321	0.0063502	0.0098047	0.081478	0.018909	-0.03012	0.012151	0.047498	0.0024132	0.045168	0.032423	-0.0034136	0.051878	0.050848	0.16922	-0.049336	0.088698	0.069722	0.01063	0.0060548	0.00085083	0.0036534	0.17199	-0.019897	-0.028178
0.039638	0.048553	0.076907	0.037955	0.018991	0.078663	0.095636	0.038391	0.047781	0.029646	0.027372	0.0038318	0.011415	0.027814	0.056778	0.041216	0.079911	0.053836	0.038648	0.02167	0.0058414	0.077758	0.004015	0.0098529	-0.010855	0.013188	0.041412	0.035701	0.0013872	0.042921	0.02755	0.025562	0.031686	0.006298	0.062114	0.015595	0.0090754	0.055369	0.025321	0.041023	0.029329	0.020175	0.012702	0.0047539	0.0019381	0.019911	0.00060507	0.0089649	0.032268	0.0021655	0.021352	0.012416	0.036999	0.013711	0.068717	0.0083515	0.037075	0.044885	0.069872	0.017218	0.015381	0.0076348	-0.0028173	-0.013299	0.027545	0.036887	-0.0058917	0.0047358	0.0095121	0.019784	-0.00085794	0.017662	0.017863	-0.0064907	0.014344	0.061554	0.0039765	0.031934	-0.0027224	0.014603	0.033651	0.014953	-0.010328	0.0038393	0.0061393	0.002911	0.036114	0.0084937	0.03325	0.0072235	0.0050387	0.016412	0.021931	-0.0063121	0.0024116	0.048032	0.014091	0.0051597	0.042809	0.00071009	0.021806	0.012434	0.0078239	0.011875	0.044229	0.016774	0.027062	0.017923	0.034575	-0.0036532	-0.0052565	0.0055584	0.030309	0.01058	0.035342	0.021048	0.0029558	0.035485	0.021193	0.095377	-0.01957	0.051227	0.025982	0.024476	0.0043156	-0.0081929	0.00070618	0.096719	-0.047302	-0.010782
0.0419	0.041914	0.046051	0.026924	0.012679	0.056051	0.053681	0.045963	0.020834	0.026674	0.011042	-0.0030204	0.011911	0.013451	0.047174	0.028657	0.040293	0.030991	0.02167	0.042185	0.00877	0.048777	0.021809	0.0052191	-0.020664	0.016001	0.034059	0.049322	0.003975	0.04003	0.015953	0.02199	0.030458	-0.0016181	0.031983	0.010514	0.0058905	0.024482	-0.0079899	0.020101	0.030331	0.021764	0.0030699	0.0041319	0.0095472	0.021523	0.029341	-0.016011	0.018403	0.0030206	0.017267	0.01055	0.033893	0.017892	0.011601	0.014676	0.043323	-0.016922	0.038907	0.016889	0.021202	0.0039337	-0.0041956	-0.0097363	0.024077	-0.0053444	0.0010029	0.016148	0.011257	0.019068	0.016124	0.015674	0.016556	0.0034834	-0.0082459	0.041675	0.020138	0.034181	0.0051925	0.014612	0.027216	0.013722	-0.025146	-0.01618	0.0092374	0.01251	0.025976	0.013332	0.017384	0.0067273	-0.0081713	0.0017426	0.011678	-0.013766	0.0003547	-0.018897	-9.3287e-05	-0.0079531	0.0058133	-0.0058358	0.015641	0.019272	0.0021069	0.012796	0.022854	0.002049	0.015855	0.0087528	0.025872	-0.005677	-0.017597	0.0094933	0.018676	0.015111	0.018104	0.028824	0.011769	0.02006	0.024743	0.07382	-0.044235	0.023322	-0.00041441	0.01533	0.020995	0.0036156	0.0031943	0.074167	-0.041648	0.024315
0.017735	0.013512	0.018477	0.0073475	0.019796	0.01208	0.0060163	0.048287	-0.00099872	0.019462	-0.0093903	0.0044273	0.01825	0.01442	0.018771	0.0092822	-0.0019417	0.0094812	0.0058414	0.00877	0.030255	0.029204	-0.00083626	0.0098135	0.0053849	0.00055219	0.003279	0.024266	0.0097599	0.031613	0.0037589	0.0048786	0.034899	-0.0052577	0.005416	0.0092502	0.0003787	-0.0018064	0.0036748	0.0089303	0.022839	0.010585	-0.020656	0.0044102	0.0015235	-7.9195e-05	0.014496	0.0073704	0.0090365	0.00074732	0.0027861	-0.0013442	0.025933	0.0057183	0.014969	0.03361	0.027727	0.016218	0.017995	0.0072547	0.0082706	0.0035301	0.0055302	-0.0046982	0.0029104	0.027542	0.011102	0.017358	-0.0070159	-0.0034576	0.0019996	0.021227	0.0047605	0.0093095	0.035344	-0.0072988	0.0031382	0.014692	0.0045838	-0.015251	0.013499	0.014912	0.0089242	0.0029298	0.0051046	-0.002652	0.0024279	0.0072703	0.0053002	0.00072059	0.0052334	-0.019738	0.0090103	0.029193	0.026682	0.018492	0.012956	0.0060975	0.031883	-0.002106	0.01532	0.0045863	0.0037816	0.025554	-0.0065603	-0.018419	0.041806	0.0030488	0.0062487	-0.0098711	0.041107	0.0014615	0.024685	-0.008412	0.045792	0.020688	0.015071	0.012983	-0.026528	0.019288	0.007313	0.023583	0.012627	0.0083605	-0.0081544	-0.024255	0.00046379	0.050394	0.0043018	0.0046297
0.1294	0.13705	0.20237	0.089827	0.040576	0.21735	0.28682	0.063354	0.096912	0.075495	0.068462	-0.0015624	0.052346	0.054937	0.20572	0.10861	0.20092	0.15641	0.077758	0.048777	0.029204	0.27925	0.022619	0.027431	-0.03615	0.054846	0.12008	0.12833	0.02435	0.10851	0.066635	0.029947	0.1079	0.024239	0.15393	0.049062	0.022884	0.11763	0.071064	0.096138	0.093136	0.050862	0.020076	0.020566	0.010968	0.049698	0.011025	0.0024057	0.079444	-0.0016785	0.06523	0.029276	0.13364	0.042988	0.18432	0.026943	0.10721	0.10015	0.18489	0.04274	0.053999	0.017446	-0.0088353	-0.043209	0.038479	0.051264	0.021905	0.0738	-0.0087827	0.042886	0.05192	0.041841	0.05812	0.033569	0.074565	0.12649	0.025592	0.048636	0.030279	0.039197	0.094629	0.040449	-0.050078	0.010178	0.015893	0.0059214	0.045087	-0.0035478	0.073576	0.02121	0.0026595	0.027735	0.055877	-0.013791	-0.0014306	0.12731	0.023718	0.0060691	0.1532	0.00081574	0.036052	0.031564	-0.0079314	0.045613	0.14911	0.019331	0.076477	0.072283	0.091767	0.040805	-0.039516	0.014395	0.11542	0.013916	0.069054	0.029457	0.037291	0.11757	0.059428	0.24777	-0.050135	0.15119	0.073954	0.035628	0.048119	-0.017832	-0.002707	0.29158	-0.058351	-0.021156
0.012158	-0.00026165	-0.0072515	0.00044467	0.0037424	0.0018668	0.0033641	-0.015573	-0.0036156	0.011834	0.0059752	-0.0020815	0.0076112	-0.013797	0.020223	0.0069804	0.0034176	-0.0088316	0.004015	0.021809	-0.00083626	0.022619	0.064048	-0.00030685	-0.001393	0.0046269	0.019974	0.010904	-0.0080432	0.010979	0.0051743	-0.010136	0.0159	0.01763	0.0051927	0.025837	0.01013	-0.0035617	-0.0025935	0.012021	0.02532	0.027471	0.025675	-0.00023999	2.7829e-06	0.018686	0.022185	-0.0020966	0.0030824	-0.0013469	0.016641	0.031198	0.002578	0.044926	0.012176	0.023927	0.010086	-0.063922	-0.013842	-0.00037322	0.047014	0.0030644	-0.0035291	-0.020161	0.010893	-0.016189	0.013658	0.020676	0.021567	0.015343	0.050226	0.023951	0.0071997	0.014701	0.0020542	-0.015289	0.0038095	0.010557	-0.0053046	0.021233	0.013244	0.016787	-0.017981	-0.039481	0.014362	0.024113	0.037604	-0.011084	0.012321	-0.013979	-0.0078909	-0.044091	0.0077269	-0.010981	-0.0079672	-0.0032686	-0.0026417	0.018662	-0.060987	0.024178	0.019047	0.038753	0.011632	0.033783	-0.018519	0.0015255	0.010435	0.0076144	0.0080864	-0.01994	-0.054227	0.011382	0.025392	0.035046	-0.045175	-0.010126	0.03738	0.038079	0.038952	0.01611	-0.012828	-0.0061973	-0.02649	0.0095647	0.057121	0.02101	-0.00038016	0.049933	-0.06004	0.01289
0.018913	0.014842	0.024455	0.010339	0.011286	0.023893	0.026705	0.025493	0.012361	0.015734	0.0051739	0.0017615	0.015708	0.0090955	0.02085	0.011557	0.01971	0.016903	0.0098529	0.0052191	0.0098135	0.027431	-0.00030685	0.0062958	-0.0040561	0.0048152	0.013856	0.016	0.0024779	0.020604	0.012643	0.011146	0.020034	0.0021735	0.015718	0.0079291	0.0031192	0.01188	0.0093298	0.012335	0.010655	0.009332	-0.00094754	0.0013327	0.0047298	0.0086912	0.0023879	0.0040479	0.0084701	-9.7472e-05	0.0072121	0.0034956	0.019175	0.0059512	0.015729	0.010029	0.016334	0.020298	0.024098	0.0072981	0.0075888	0.004784	0.00094244	-0.0029801	0.011263	0.015389	0.0027353	0.018215	-0.0013579	0.0060884	-0.00030604	0.0092604	0.0082038	0.0033688	0.016126	0.0089574	0.0039766	0.0069826	0.0011346	0.0051967	0.017752	0.0070165	0.00041954	0.0036297	0.002102	0.0010372	0.0083593	0.005281	0.01317	0.0016744	0.0040624	0.0042638	0.0080923	0.0026422	0.0069626	0.020409	0.0084477	0.0023229	0.017185	-0.00040655	0.0092169	0.0051604	0.0023964	0.0053802	0.0071336	0.0035762	0.016252	0.0018628	0.013737	-0.004179	0.0069513	0.0029456	0.016893	0.0022808	0.022662	0.0070672	0.0010125	0.017107	0.0033121	0.026162	-0.0066826	0.020769	0.010577	0.0087861	-0.0028427	-0.0014226	6.9842e-05	0.036147	-0.014322	-0.0024711
-0.053395	-0.040745	-0.034433	-0.026529	-0.015595	-0.044889	-0.051468	-0.037342	-0.052591	-0.021208	-0.011194	0.0041402	-0.027622	0.013141	-0.041453	-0.013859	-0.054961	-0.033687	-0.010855	-0.020664	0.0053849	-0.03615	-0.001393	-0.0040561	0.079376	-0.018145	-0.052816	-0.044152	-0.010678	-0.039585	-0.040819	-0.06048	-0.023627	-0.0055792	-0.018556	-0.017632	-0.0098039	-0.027999	-0.0010547	-0.026189	0.023922	-0.031174	-0.023328	0.015203	-0.038394	-0.067581	-0.014997	0.042516	-0.0044688	-0.0043966	-0.045188	0.0013597	-0.01375	-0.016356	0.072009	0.0016026	-0.032723	0.01226	-0.046577	-0.011613	-0.03486	-0.00046831	0.0072203	-0.0018479	-0.049211	0.020578	0.0076652	-0.041823	0.0088624	-0.051498	0.016301	0.012189	-0.041838	-0.022299	0.0042155	-0.075432	-0.059697	-0.0013037	-0.021403	-0.081117	-0.066271	0.017283	0.051148	-0.02141	-0.0016837	-0.030733	-0.031916	-0.018448	-0.046956	-0.0018704	0.0080639	-0.076933	-0.0066302	0.086884	0.0043269	0.065178	-0.0031713	0.018791	0.064786	0.019942	0.011043	-0.048252	0.0027923	0.026461	-0.014548	-0.039171	0.033105	-0.027003	-0.090815	-0.021886	0.055951	-0.034022	-0.001513	-0.034037	-0.0088747	0.0046891	0.035305	-0.051623	-0.10924	-0.056852	0.1289	-0.038006	-0.009649	-0.028581	-0.0012153	-0.10654	-0.00032157	-0.026608	0.088216	-0.022793
0.03944	0.031578	0.039288	0.017456	0.0049957	0.053167	0.057711	0.016361	0.021754	0.020109	0.013818	-0.00023751	0.02414	0.012832	0.055032	0.018878	0.04547	0.032874	0.013188	0.016001	0.00055219	0.054846	0.0046269	0.0048152	-0.018145	0.0405	0.032352	0.047562	0.0024653	0.023186	0.018474	0.019144	0.020139	0.0090474	0.028858	0.0084375	0.0052617	0.029116	0.0084785	0.012065	0.0010759	0.0072974	0.013149	-0.0013937	0.022459	0.020956	0.0020664	-0.0011436	0.010114	0.011272	0.012009	0.0056783	0.02609	0.0101	0.0098346	-0.0015097	0.036803	0.0064075	0.030643	0.016368	0.013753	0.0038471	-0.003399	-0.0030983	0.011508	-0.01205	0.0040767	0.047859	-0.0048349	0.015438	0.0075826	-0.0035235	0.019272	0.020347	0.0090499	0.02763	0.02299	0.0004875	0.011591	0.023522	0.027207	-0.0023448	-0.014108	-0.0033389	0.0011465	0.0068529	0.012226	0.0069299	0.025229	0.00096676	0.00020824	0.019281	0.010565	-0.023944	-0.0068603	0.030193	0.0016447	-0.0018577	0.020655	-0.0002402	0.0028892	0.012852	-0.0032853	-0.0082287	0.030671	0.010841	-0.013787	0.020907	0.022929	0.0065707	-0.010779	0.0071364	0.011804	0.011114	-0.00065121	0.012373	-0.0085239	0.023132	0.039723	0.071128	-0.021904	0.022231	0.018707	0.0060256	0.018106	0.023823	-0.0026146	0.056735	-0.025476	0.020623
0.086656	0.078458	0.11088	0.054528	0.024858	0.1214	0.15012	0.04913	0.076432	0.051518	0.043267	-0.0014359	0.045318	0.022558	0.11155	0.056677	0.1209	0.083592	0.041412	0.034059	0.003279	0.12008	0.019974	0.013856	-0.052816	0.032352	0.085314	0.071019	0.0073775	0.065625	0.058092	0.053694	0.055637	0.018492	0.084052	0.032175	0.016273	0.081755	0.031644	0.060705	0.022555	0.038872	0.033268	-0.0016357	0.026063	0.059596	0.010418	-0.018995	0.031675	0.0031477	0.047733	0.019871	0.05695	0.033874	0.042018	0.007321	0.062206	0.035075	0.10224	0.028334	0.04598	0.011301	-0.0016585	-0.016073	0.05418	0.019231	0.0028606	0.065575	0.0041815	0.047728	0.0075495	0.010022	0.052715	0.021691	0.02073	0.087082	0.038447	0.027214	0.012443	0.065079	0.075828	0.0084294	-0.048809	0.012889	0.007885	0.023839	0.053641	0.0051627	0.061737	0.0038555	0.0011969	0.049706	0.026681	-0.058236	-0.0096982	0.026839	0.011117	-0.0026318	0.017167	-0.0012157	0.011409	0.045404	0.00071418	-0.0034718	0.069944	0.035334	0.0028641	0.023235	0.087666	0.014853	-0.064977	0.0247	0.047407	0.03465	0.023589	0.01157	-0.0061645	0.073246	0.094313	0.12849	-0.085228	0.075179	0.043105	0.027448	0.026084	0.05512	1.569e-05	0.1561	-0.081129	-0.0032169
0.095867	0.081452	0.099006	0.048336	0.025751	0.11269	0.1316	0.067062	0.049608	0.053032	0.026604	-0.00094699	0.048062	0.031887	0.12509	0.050098	0.098263	0.070536	0.035701	0.049322	0.024266	0.12833	0.010904	0.016	-0.044152	0.047562	0.071019	0.11279	0.017484	0.075609	0.037265	0.034876	0.072396	0.0030239	0.070678	0.02374	0.012085	0.057443	0.016469	0.035502	0.039158	0.032608	0.0031385	0.0075802	0.033234	0.043736	0.029648	-0.015582	0.028149	0.0035362	0.04032	0.010873	0.084121	0.02267	0.018788	0.020416	0.089777	0.030471	0.099179	0.034924	0.030711	0.0075194	-0.0039861	-0.016183	0.026319	0.014272	0.0096487	0.07283	6.934e-05	0.03505	0.017597	0.015073	0.037745	0.035779	0.022059	0.077491	0.046669	0.028985	0.033673	0.037448	0.062917	0.017273	-0.032516	0.007834	0.0089735	0.014128	0.030625	0.013093	0.048904	0.015786	-0.0050895	0.032761	0.024186	-0.028542	0.0052597	0.019735	0.010321	-0.011835	0.065225	-0.01309	0.016878	0.02693	-0.0039596	0.017977	0.054596	0.011405	0.030456	0.039596	0.057584	0.015807	-0.01634	0.017016	0.051389	0.016056	0.055262	0.046078	0.0077771	0.057298	0.053585	0.14337	-0.072651	0.075264	0.037149	0.0228	0.02191	0.018657	-0.0011866	0.15127	-0.037286	0.033401
0.0073853	0.012989	0.012019	0.012147	0.0038849	0.015773	0.013006	-0.0017711	0.0047368	-9.4029e-05	0.0011994	0.010898	0.0043824	0.01282	0.020565	0.001373	0.013525	0.0097572	0.0013872	0.003975	0.0097599	0.02435	-0.0080432	0.0024779	-0.010678	0.0024653	0.0073775	0.017484	0.04328	0.010275	-8.9624e-05	-0.0025009	0.028881	-0.01115	0.00063587	-0.0044992	-0.0023858	-0.00087195	0.0053626	0.0074691	0.0010989	-0.002619	-0.011313	0.011009	-0.0029251	-0.0050984	0.012254	0.0099378	0.009713	0.00019318	-0.0036416	-0.0099583	0.031218	-0.0095867	-0.0058192	0.0011818	0.053637	-0.011158	0.003559	-0.0023339	0.0021002	-0.0013645	-0.00059628	0.00045781	0.0060692	0.010641	0.01695	-0.0038675	0.0087445	-0.0019415	0.01248	-0.00011006	3.065e-05	0.020708	0.0056587	-0.0053941	0.0056004	0.018278	0.029416	-0.016329	-0.038513	-0.0056635	-0.025028	0.018199	0.002554	-0.0058194	-0.017336	-0.010103	-0.019553	0.012127	-0.0012324	-0.0029892	-0.0001126	0.00041961	-0.00096709	-0.016081	-0.00053897	-0.015313	0.030149	-0.011433	-0.042518	-0.0025741	-0.015081	-0.0034184	0.041425	-0.033346	0.00020623	0.0080174	-0.017148	0.10454	0.021533	-0.0013337	0.0034101	-0.020155	-0.0080468	-0.0089559	0.0034485	-0.022925	-0.0021282	0.01638	0.0086756	0.01703	0.016567	-0.0073065	0.0041966	-0.01091	0.00027981	0.03587	0.012069	-0.00096132
0.079436	0.067177	0.092588	0.04523	0.040614	0.096319	0.10181	0.10729	0.055992	0.065834	0.017618	0.003919	0.040081	0.024521	0.074435	0.047362	0.0767	0.068631	0.042921	0.04003	0.031613	0.10851	0.010979	0.020604	-0.039585	0.023186	0.065625	0.075609	0.010275	0.095316	0.052989	0.062857	0.078156	0.0086688	0.059223	0.039169	0.016449	0.051667	0.019686	0.05393	0.054922	0.049038	0.0095982	-0.0043547	0.031517	0.053212	0.019842	-0.010094	0.040092	0.0029537	0.049732	0.018207	0.063733	0.034109	0.038493	0.039577	0.070373	0.060441	0.10573	0.031221	0.049184	0.013813	0.003656	-0.021659	0.058894	0.035919	0.0045505	0.049317	-0.0010461	0.042377	-0.0072122	0.036038	0.050823	0.013476	0.039505	0.078404	0.036122	0.04954	0.0071378	0.043168	0.082575	0.029485	-0.035687	0.002159	0.011987	0.016585	0.057601	0.026697	0.064952	0.0045506	0.012576	0.027038	0.040524	-0.021578	0.022312	0.022677	0.024996	0.0062497	0.027321	-0.0054464	0.029254	0.043919	0.010285	0.023483	0.029782	0.02575	0.062032	0.034313	0.088532	-0.016979	-0.00046092	0.023113	0.066066	0.022302	0.084393	0.041639	-0.00069619	0.082421	0.047123	0.12468	-0.068381	0.087908	0.025037	0.039856	0.0025149	0.016213	0.00068516	0.16169	-0.083632	0.014477
0.060191	0.044215	0.066814	0.030639	0.0227	0.075881	0.082864	0.056384	0.054495	0.046027	0.026941	-0.0007791	0.043395	0.0076147	0.055398	0.031564	0.071128	0.052797	0.02755	0.015953	0.0037589	0.066635	0.0051743	0.012643	-0.040819	0.018474	0.058092	0.037265	-8.9624e-05	0.052989	0.055103	0.060403	0.041952	0.016586	0.049085	0.027713	0.013523	0.046542	0.022122	0.042575	0.012448	0.033977	0.026477	-0.010375	0.023874	0.051824	-0.0014951	-0.014846	0.022905	0.0034708	0.036583	0.016047	0.037258	0.024357	0.019097	0.0049824	0.032596	0.053108	0.075114	0.021748	0.036295	0.014615	0.0020975	-0.0070066	0.052308	0.013531	-0.0044476	0.058118	-0.006457	0.038998	-0.015964	0.010803	0.044594	0.01188	0.017492	0.050417	0.030248	0.0075226	-0.0023575	0.059203	0.067474	0.0078087	-0.031453	0.0081921	0.0030744	0.018189	0.041034	0.017113	0.056012	-0.0020799	0.012641	0.050447	0.025717	-0.046485	-0.0022002	0.016263	0.016956	0.00096525	-0.011153	-0.0013396	0.00792	0.034533	0.0039423	-0.015632	0.033487	0.043609	0.008048	0.0061402	0.075657	-0.0093577	-0.035779	0.020419	0.037456	0.029416	0.035787	0.0026513	-0.024631	0.063302	0.06948	0.074208	-0.065092	0.055152	0.019379	0.026442	-8.256e-05	0.053172	-0.00027903	0.088966	-0.074661	-0.0016238
0.05162	0.038457	0.050927	0.025203	0.023783	0.066172	0.051161	0.092737	0.061632	0.049189	0.016521	-0.0032996	0.026064	-0.0039209	0.027561	0.026501	0.056852	0.039357	0.025562	0.02199	0.0048786	0.029947	-0.010136	0.011146	-0.06048	0.019144	0.053694	0.034876	-0.0025009	0.062857	0.060403	0.11689	0.037049	0.0062631	0.039562	0.027036	0.01282	0.060368	0.0080538	0.036377	0.0047996	0.041098	0.02407	-0.022492	0.0292	0.065085	-0.0055983	-0.0387	0.012966	0.030248	0.045011	0.0092805	0.016737	0.018943	-0.018734	0.011437	0.012663	0.052865	0.077657	0.021558	0.029779	0.012218	0.0052156	-0.0062763	0.053276	0.0091025	-0.015663	0.029502	-0.020001	0.047332	-0.062239	0.0060455	0.055949	0.017916	0.00083626	0.060761	0.046987	-0.0047918	-0.0050828	0.072956	0.090037	0.0019451	-0.030551	0.0098853	0.00083779	0.026007	0.036255	0.039116	0.065502	-0.0097826	0.017526	0.076147	0.036997	-0.063797	0.012976	-0.012055	0.025267	-0.00024957	-0.05402	-0.013105	0.0065994	0.048164	0.013839	-0.022373	0.010048	0.052517	0.0073333	0.011977	0.10393	-0.039924	-0.026883	0.030855	0.017111	0.032356	0.063278	0.018107	-0.048228	0.058905	0.082595	0.056618	-0.10117	0.051863	0.0098774	0.035833	-0.022446	0.077076	0.0038496	0.098304	-0.079917	0.010582
