0.76482	0.31801	0.51679	-0.26958	0.56394	0.47644	0.54599	0.48035	0.29606	0.55474	0.39119	-0.25135	0.51289	0.079157	0.43168	0.10323	0.46465	0.2591	0.20397	0.38624	0.33733	0.30608	0.46765	0.4169	0.13472	0.050652	0.61728	0.52115	-0.22724	0.63414	0.63859	0.081775	-0.18525	0.51196	0.12591	0.48853	0.16739	0.61524	0.57612	0.27819	0.35614	0.21457	0.40899	0.56794	0.56716	0.1747	-0.075527	0.53583	0.24277	0.20516	-0.34742	-0.15523	0.50413	0.51718	0.35509	0.53556	0.40272	0.51276	-0.015921	0.38584	0.37029	0.21925	0.48007	0.15498	0.054799	0.34778	0.46968	-0.077065	-0.086673	0.53195	0.28728	0.39358	0.16197	0.5723	0.26222	-0.16666	0.19313	0.15403	0.51295	-0.1186	-0.16845	0.57339	0.63692	0.58439	0.044524	0.068503	-0.27984	0.49826	0.14001	0.31237	0.31438	-0.098077	0.15499	0.34511	0.30484	0.35681	0.28668	0.23431	0.42011	0.50176	0.32044	0.48915	0.38933	0.31212	0.50108	0.57188	-0.26158	0.41835	0.60326	0.058654	0.41176	-0.22103	0.47214	0.48628	0.26713	0.43181	0.45756	0.25559	0.60009	0.32839	0.62956	0.38887	0.27873	0.21647	0.36923	0.63082	-0.032988	0.54976	0.18565	0.46482	-0.084515	0.3016	-0.17118
0.31801	0.67584	0.39926	0.15619	0.11786	0.5326	0.37883	-0.042097	0.5516	-0.06932	-0.13078	-0.0010995	-0.049033	0.39625	0.62641	0.27734	0.51112	0.33856	0.20583	0.16925	0.17134	0.36178	0.071141	0.17675	0.30894	-0.39157	0.21502	0.27365	-0.0013532	0.31993	0.079686	-0.38749	-0.49002	-0.024207	-0.36838	0.19047	0.15669	0.15677	0.17838	0.52997	0.36063	0.34661	0.083326	0.23826	0.29807	0.35813	0.22885	0.2891	-0.028546	0.30112	-0.28167	-0.35768	-0.18582	0.288	0.16717	0.13792	0.21082	0.17186	0.39842	-0.1151	-0.11629	0.0027426	0.17522	-0.043319	-0.024924	-0.21711	0.60546	0.21693	-0.026676	0.013476	0.37454	0.19372	0.25449	0.1747	0.049175	0.22696	0.17843	0.50031	0.61583	0.11637	0.14437	0.19166	0.013999	0.16	-0.050283	0.20199	-0.055262	0.31182	0.37759	0.342	0.38184	-0.060622	0.22211	0.017703	-0.085092	0.15591	0.15204	0.029033	0.32698	0.22534	0.19012	0.20971	0.39225	0.063715	0.29802	0.04642	0.08002	0.19464	0.12576	-0.40044	0.32552	0.052352	0.42207	0.29797	-0.013179	0.1185	0.12489	-0.18241	0.32028	0.072439	0.085973	0.2304	0.4281	0.35789	0.34397	0.074203	0.27463	0.21274	-0.23921	0.14042	-0.19897	0.33755	0.54078
0.51679	0.39926	0.59452	-0.079364	0.23784	0.48915	0.49996	0.21337	0.38201	0.3398	0.095194	-0.31942	0.45376	0.041188	0.58497	0.37007	0.51488	0.50395	-0.027292	0.38668	0.00044427	0.4777	0.070268	0.022615	-0.0031067	-0.14481	0.52927	0.30387	-0.20378	0.36159	0.4394	-0.11767	-0.3333	0.12861	-0.047323	0.099687	0.19714	0.17234	0.1777	0.3535	0.24442	0.22984	0.34889	0.29445	0.16447	0.038189	0.09109	0.27134	-0.07809	0.034194	-0.33559	-0.19338	0.082981	0.228	0.26735	0.14048	0.35436	0.11712	0.12319	0.094404	0.21013	0.26912	0.15546	0.33734	-0.02655	0.26437	0.51761	-0.097118	-0.024971	0.29911	0.084592	0.037193	0.022122	0.26548	0.38391	-0.059467	-0.014938	0.30692	0.48426	0.0055334	-0.22717	0.19839	0.25702	0.13289	0.068716	0.0044596	-0.23548	0.10481	0.27592	0.11249	0.32081	-0.27348	0.0034981	0.034513	0.29369	0.060797	-0.0034101	0.12645	0.0919	0.13685	0.31452	0.06526	0.21603	-0.068191	0.14881	0.25233	-0.13667	0.044441	0.32308	-0.009816	0.4009	-0.16663	0.11529	0.11828	0.3043	0.12867	0.11233	-0.010904	0.45626	0.023985	0.26979	0.39675	0.2408	0.40431	0.13436	0.30807	0.2471	0.29171	-0.029241	0.14108	-0.18062	0.28751	0.368
-0.26958	0.15619	-0.079364	0.70522	-0.32948	0.054351	-0.14622	-0.45459	0.14579	-0.41921	-0.62834	0.2593	-0.32487	0.29785	0.013949	0.034523	0.13308	0.10607	-0.23711	-0.21835	-0.35619	0.15041	-0.35821	-0.38121	-0.02707	-0.18315	-0.2663	-0.056383	0.28605	-0.2477	-0.50499	-0.40312	-0.32009	-0.32985	-0.36734	-0.24395	0.19925	-0.39535	-0.26171	0.18596	-0.30101	0.33376	-0.27632	-0.27422	-0.18261	-0.12344	0.2982	-0.13231	-0.35656	-0.19112	0.10971	-0.3719	-0.55706	-0.11325	0.1222	-0.30711	-0.069696	-0.31763	0.43323	-0.30965	-0.22034	-0.064797	-0.44351	0.013673	-0.09743	-0.33159	0.01071	0.44389	0.38828	-0.45548	0.19087	-0.19705	-0.23959	-0.27523	0.018448	0.56494	-0.12207	0.46273	0.041914	0.40524	0.2217	-0.22637	-0.42686	-0.37033	0.05365	-0.067896	0.39344	-0.27449	0.27978	-0.075935	-0.053171	-0.17762	-0.23335	-0.38977	-0.26288	-0.22128	-0.31393	-0.050162	-0.095566	-0.38232	-0.12752	-0.30188	0.03083	-0.33199	-0.10224	-0.48152	0.56697	-0.1608	-0.39568	-0.4679	0.009441	0.22103	-0.12026	-0.17964	0.030068	-0.15139	-0.34055	-0.33087	-0.21449	-0.42865	-0.36031	-0.24512	-0.15933	0.30625	-0.18112	-0.39293	0.39617	-0.29602	-0.32953	-0.17447	0.11516	-0.21759	0.38465
0.56394	0.11786	0.23784	-0.32948	0.85499	0.1345	0.27583	0.33152	0.28515	0.65442	0.37934	-0.096618	0.36005	0.027334	0.16267	0.12812	0.17343	-0.0047012	0.28579	0.54294	0.52073	0.28726	0.67585	0.48605	0.25979	-0.41742	0.5544	0.51268	-0.072577	0.82991	0.48131	0.06415	-0.19081	0.80287	0.37526	0.62759	0.30243	0.69167	0.66321	0.21819	0.47441	0.25314	0.60015	0.71006	0.62693	0.35211	-0.34501	0.57312	0.50539	0.35441	-0.0046952	-0.027011	0.60055	0.61261	0.44329	0.71766	0.51841	0.60113	-0.089813	0.59001	0.58858	0.104	0.60131	0.23338	0.095818	0.62508	0.31589	0.036779	0.18176	0.52552	0.46035	0.42918	0.32729	0.76057	0.28287	-0.072943	0.40487	0.045357	0.3181	0.039059	0.067411	0.65465	0.75149	0.70844	0.25066	0.3183	0.008668	0.63079	-0.003413	0.37735	0.43434	0.21664	0.29733	0.50971	0.4789	0.44535	0.41248	0.35213	0.60632	0.67177	0.30694	0.61697	0.55254	0.50678	0.51921	0.69024	-0.14648	0.71581	0.73238	0.21393	0.22903	0.084701	0.60707	0.4952	0.33886	0.61621	0.68197	0.55166	0.64228	0.62076	0.79313	0.41375	0.17053	0.050352	0.36593	0.72827	-0.21341	0.80009	0.41696	0.57075	-0.28384	0.30176	-0.28093
0.47644	0.5326	0.48915	0.054351	0.1345	0.59569	0.50304	0.073525	0.49576	0.17521	-0.024947	-0.12961	0.13596	0.23373	0.65101	0.34045	0.48861	0.43383	-0.02163	0.27644	-0.018886	0.32957	0.029331	-0.0021681	0.1329	-0.19607	0.35431	0.37037	-0.033008	0.29925	0.32566	-0.28891	-0.39626	0.012333	-0.20072	0.072446	0.18667	0.098434	0.17215	0.38939	0.20644	0.27869	0.074017	0.24469	0.19197	0.13991	0.31146	0.28323	-0.075864	0.063859	-0.32947	-0.29771	-0.077281	0.19307	0.18978	0.075664	0.24038	0.15781	0.30353	-0.038053	-0.0069603	0.14533	0.11738	0.0727	0.011294	-0.09554	0.56553	0.023628	-0.055063	0.22344	0.11897	0.096778	0.062394	0.15922	0.12181	0.11956	0.0051678	0.3514	0.59086	-0.076725	-0.075106	0.16221	0.09649	0.11837	-0.13625	0.028056	-0.082239	0.1353	0.2473	0.14761	0.27575	-0.192	-0.034282	0.03069	-0.047911	0.14722	-0.024027	0.0023424	0.14872	0.13819	0.22626	0.098837	0.1606	-0.0081493	0.23441	0.14916	-0.076079	0.0098421	0.18146	-0.2353	0.39745	0.047605	0.22884	0.22842	0.062461	0.071266	0.043275	-0.16729	0.35232	-0.037041	0.11979	0.24966	0.35045	0.34809	0.21681	0.20155	0.24301	0.18361	-0.18869	0.12302	-0.16013	0.27508	0.47345
0.54599	0.37883	0.49996	-0.14622	0.27583	0.50304	0.54058	0.22884	0.43369	0.37269	0.15098	-0.24197	0.36145	0.07058	0.57383	0.21572	0.484	0.44657	0.041552	0.44377	0.1215	0.38841	0.14189	0.13576	0.096716	-0.13442	0.50445	0.40389	-0.10923	0.4527	0.49873	-0.1427	-0.30489	0.20459	-0.10877	0.16481	0.21768	0.23543	0.19884	0.31823	0.27799	0.21559	0.27405	0.3311	0.22431	0.13767	0.13603	0.31653	0.041256	0.080711	-0.32018	-0.21339	0.094431	0.25693	0.25494	0.17903	0.30789	0.23653	0.11959	0.087509	0.1246	0.23997	0.24453	0.20148	-0.10851	0.17008	0.48565	-0.061872	-0.042867	0.35838	0.03439	0.076785	0.078728	0.28308	0.21968	-0.017619	0.053441	0.26949	0.52042	-0.11499	-0.15744	0.21483	0.30314	0.2195	-0.053369	0.0067236	-0.14082	0.21394	0.12605	0.16776	0.34404	-0.14537	0.082859	0.095028	0.19606	0.13778	0.13892	0.070535	0.18566	0.25213	0.35485	0.16029	0.20081	0.038077	0.20289	0.32861	-0.17633	0.16068	0.33747	-0.033361	0.32459	-0.045451	0.25779	0.21587	0.22434	0.1192	0.17156	-0.035223	0.44481	0.125	0.28951	0.33277	0.226	0.3251	0.22654	0.3487	0.13862	0.28951	-0.055555	0.13731	-0.15451	0.33339	0.26544
0.48035	-0.042097	0.21337	-0.45459	0.33152	0.073525	0.22884	0.77483	-0.11738	0.48406	0.68908	-0.32231	0.65849	-0.34024	-0.032407	0.042465	0.07363	0.013473	0.23075	0.45008	0.42956	-0.068871	0.43027	0.48774	-0.050533	0.075005	0.50513	0.1538	-0.25259	0.35974	0.37334	0.30566	0.095704	0.24494	0.050655	0.44564	-0.14583	0.36128	0.27109	-0.051073	0.15447	-0.042716	0.32718	0.35375	0.35455	0.017582	-0.22074	0.26012	0.48689	0.10088	-0.50014	0.21342	0.45077	0.37769	0.053628	0.35428	0.02015	0.5482	-0.32694	-7.2148e-05	0.15222	0.059931	0.58496	0.24722	0.046548	0.20022	0.054387	-0.41321	-0.27023	0.21725	0.021126	0.29945	0.17706	0.33931	0.17216	-0.33741	0.11422	-0.06558	0.090638	-0.066765	-0.19919	0.2938	0.3934	0.44908	0.075076	-0.1868	-0.26348	0.25522	-0.17926	0.037105	0.056534	-0.22578	0.088214	0.12593	0.27774	0.21936	0.5233	0.11152	0.19807	0.49982	0.041893	0.40402	0.19571	0.18559	0.22767	0.69042	-0.37929	0.25933	0.31906	0.29971	0.22261	-0.11068	0.23562	0.224	0.057632	0.1508	0.33856	0.06513	0.22364	0.31551	0.37088	0.13946	0.28891	-0.082421	0.25581	0.34059	-0.096777	0.3791	-0.068461	0.1405	-0.15776	-0.17197	-0.1527
0.29606	0.5516	0.38201	0.14579	0.28515	0.49576	0.43369	-0.11738	0.75902	0.046619	-0.17405	0.051392	0.0048836	0.37414	0.6435	0.18785	0.43018	0.37542	-0.12509	0.052391	0.003809	0.53789	0.13686	0.025138	0.2592	-0.41295	0.27893	0.28689	0.16664	0.41359	0.21323	-0.26242	-0.35107	0.16377	-0.15195	0.18344	0.43074	0.17304	0.29193	0.55035	0.30857	0.48553	0.10979	0.34218	0.35298	0.31589	0.16914	0.41086	-0.16477	0.1234	-0.018106	-0.22886	-0.01412	0.3152	0.22834	0.22381	0.35343	0.18718	0.46376	0.11058	0.075508	0.071657	0.18737	-0.0094847	-0.037068	-0.09264	0.7024	0.23495	0.16901	0.24388	0.39876	0.22027	0.072007	0.28529	0.1356	0.43529	0.1865	0.51054	0.75589	0.078736	0.18052	0.29744	0.12858	0.21779	0.010522	0.32116	0.21727	0.30638	0.33019	0.26035	0.54827	0.050303	0.0056775	0.21376	-0.059088	0.27161	-0.069768	0.095016	0.3703	0.21525	0.17647	0.19679	0.3412	0.18471	0.38795	0.11841	0.17955	0.23112	0.30887	-0.24179	0.24041	0.19143	0.49011	0.36531	-0.0047524	0.3045	0.11064	-0.019422	0.51068	0.065034	0.20136	0.25714	0.32332	0.32543	0.25821	0.30472	0.22391	0.28484	-0.034191	0.28552	-0.28839	0.33059	0.31495
0.55474	-0.06932	0.3398	-0.41921	0.65442	0.17521	0.37269	0.48406	0.046619	0.88369	0.60842	-0.29493	0.67267	-0.23233	0.079911	0.16752	0.082874	0.15634	0.057646	0.57199	0.29686	0.15091	0.48987	0.24173	-0.16857	-0.046754	0.58032	0.42589	-0.21143	0.60249	0.61545	0.3996	-0.019888	0.56687	0.50172	0.4143	0.27404	0.42227	0.50365	-0.046194	0.20887	-0.075459	0.56243	0.4952	0.35217	-0.12791	-0.26568	0.34905	0.4212	-0.0089201	-0.13996	0.060895	0.6579	0.38387	0.44495	0.49489	0.50327	0.44116	-0.20711	0.57738	0.67519	0.41068	0.42437	0.40828	0.09775	0.75269	0.20268	-0.25806	0.016268	0.54111	-0.00017502	0.23874	-0.07571	0.55944	0.4742	-0.33055	0.074714	-0.1616	0.11856	-0.13071	-0.31838	0.48571	0.74394	0.5313	0.17907	-0.098873	-0.23968	0.2422	-0.04535	0.062932	0.15394	-0.13925	-0.074317	0.30729	0.51052	0.2572	0.24164	0.27822	0.19516	0.45504	0.2978	0.36207	0.14104	0.2253	0.27297	0.76351	-0.38639	0.33605	0.64233	0.40488	0.12239	-0.11095	0.1476	0.21465	0.39297	0.35865	0.47575	0.54436	0.4958	0.36413	0.68898	0.41629	0.059741	0.030906	0.091155	0.74557	-0.16652	0.59741	0.26285	0.32654	-0.087397	0.18629	-0.28832
0.39119	-0.13078	0.095194	-0.62834	0.37934	-0.024947	0.15098	0.68908	-0.17405	0.60842	0.90143	-0.30454	0.53952	-0.44192	-0.11213	0.18653	-0.14852	-0.025948	0.25035	0.49418	0.43011	-0.24737	0.27773	0.41523	0.013845	-0.076448	0.27496	0.24147	-0.24509	0.37824	0.38576	0.53215	0.14349	0.25045	0.21957	0.27945	-0.089666	0.25441	0.20026	-0.21281	0.25336	-0.32145	0.48451	0.26853	0.18064	0.065513	-0.22614	0.11908	0.48532	0.15556	-0.45542	0.33832	0.58703	0.19269	0.011977	0.21039	0.15525	0.39569	-0.38396	0.086062	0.25587	0.123	0.52561	0.2644	0.029114	0.40945	0.029749	-0.49362	-0.26105	0.20907	-0.16178	0.19081	0.16772	0.26766	0.18737	-0.46575	-0.022206	-0.35374	-0.0090789	-0.32682	-0.16688	0.1717	0.48724	0.37772	-0.14736	-0.2429	-0.30939	0.2032	-0.26403	0.022455	-0.041155	-0.17341	0.20307	0.030302	0.38499	0.11853	0.48037	0.021143	0.077249	0.42446	0.10142	0.2906	-0.0015823	0.088967	0.07856	0.7098	-0.58517	0.1952	0.35681	0.48895	0.060192	-0.11528	0.12348	0.11354	0.054433	-0.023099	0.30614	0.11347	0.15348	0.33954	0.35336	0.17626	0.16935	-0.29489	0.22063	0.41448	-0.28932	0.39808	-0.12384	-0.019178	-0.10852	0.011016	-0.15101
-0.25135	-0.0010995	-0.31942	0.2593	-0.096618	-0.12961	-0.24197	-0.32231	0.051392	-0.29493	-0.30454	0.31298	-0.44009	0.22998	-0.17125	-0.10827	-0.16878	-0.28767	0.079789	-0.16817	0.036038	-0.086354	-0.19345	0.015215	0.28501	-0.26131	-0.33365	-0.031377	0.31952	-0.018538	-0.29932	-0.17612	-0.074921	-0.14989	-0.18806	-0.13462	0.085398	-0.11791	-0.19535	0.0029071	-0.0090266	0.035426	-0.021749	-0.19134	-0.13328	0.1927	0.0035466	-0.17194	-0.036544	0.15352	0.039	-0.11908	-0.25646	-0.14407	-0.021038	-0.20209	-0.12569	-0.18634	0.13091	-0.16059	-0.22089	-0.25266	-0.19739	-0.24126	-0.073875	-0.1682	-0.18923	0.32977	0.27674	-0.25334	0.1455	-0.14074	0.10452	-0.21036	-0.261	0.25704	0.11345	0.0093984	-0.16631	0.060888	0.45346	-0.20555	-0.15477	-0.1843	-0.104	0.043645	0.41285	-0.046302	-0.032158	0.071248	-0.13968	0.18143	0.19296	-0.17659	-0.13332	-0.11893	0.016775	-0.049865	0.010082	-0.11581	0.002925	-0.091213	-0.042457	-0.094519	-0.11516	-0.29377	0.22027	0.03907	-0.25316	-0.20746	0.027093	0.34715	0.027262	-0.10338	0.099818	-0.19623	-0.094215	-0.12617	-0.28701	-0.039972	-0.23129	-0.22542	-0.11841	-0.12913	0.0094646	-0.21768	-0.10702	-0.10957	-0.11187	-0.18541	-0.057902	-0.072353	0.086494
0.51289	-0.049033	0.45376	-0.32487	0.36005	0.13596	0.36145	0.65849	0.0048836	0.67267	0.53952	-0.44009	0.86674	-0.37388	0.10885	0.2443	0.25632	0.26372	-0.068811	0.52089	0.13671	0.22319	0.32821	0.19327	-0.31172	0.064658	0.69426	0.26009	-0.29744	0.32994	0.5121	0.21436	0.040866	0.33919	0.297	0.31357	0.16497	0.27238	0.27759	-0.027379	-2.3015e-05	0.028921	0.41476	0.35231	0.24181	-0.26423	-0.22488	0.25699	0.18644	-0.19664	-0.16773	0.052295	0.41956	0.32189	0.25809	0.32835	0.24874	0.30703	-0.23021	0.17259	0.42126	0.32258	0.32451	0.61489	-0.080614	0.44731	0.16267	-0.36593	-0.12092	0.40691	-0.10086	0.14385	-0.21084	0.36116	0.48612	-0.29267	-0.02109	0.042436	0.15272	0.011513	-0.41295	0.32497	0.38302	0.28921	0.30807	-0.21069	-0.27913	0.056561	-0.086028	-0.1005	0.15277	-0.34335	-0.20326	0.13129	0.33458	0.13447	0.15306	0.19819	0.020158	0.26307	0.17984	0.19657	0.13356	0.083551	0.1755	0.59354	-0.27439	0.10194	0.41707	0.39243	0.18371	-0.23658	-0.014081	0.0816	0.22016	0.25183	0.18383	0.2546	0.38636	0.13365	0.37113	0.26214	0.035859	0.19797	0.017614	0.42375	-0.055364	0.31945	0.078025	0.19838	-0.1569	-0.071989	-0.16236
0.079157	0.39625	0.041188	0.29785	0.027334	0.23373	0.07058	-0.34024	0.37414	-0.23233	-0.44192	0.22998	-0.37388	0.44081	0.32316	-0.056319	0.28242	0.021467	0.11355	-0.097733	0.046574	0.23934	-0.038168	0.060082	0.34202	-0.38356	-0.039192	0.21103	0.22646	0.18652	-0.094944	-0.45497	-0.43713	-0.007242	-0.32163	0.05456	0.14086	0.083173	0.056065	0.34142	0.18084	0.28681	-0.032392	0.065629	0.16098	0.34021	0.19793	0.15646	-0.11823	0.24119	-0.10962	-0.38619	-0.29999	0.1112	0.16419	0.033475	0.042009	-0.015287	0.35518	-0.081705	-0.18704	-0.11758	-0.089527	-0.21764	-0.054153	-0.24148	0.28051	0.38275	0.16043	-0.063702	0.39552	0.047032	0.1908	0.022572	-0.14591	0.34499	0.18187	0.36653	0.34507	0.13192	0.38612	0.062069	-0.066238	0.0027084	-0.057389	0.22967	0.23809	0.2119	0.25339	0.26933	0.22198	0.14538	0.23131	0.0084476	-0.16031	0.048992	0.0086002	-0.015078	0.25235	0.030329	0.12093	0.080708	0.26253	0.050524	0.17523	-0.24264	0.22561	0.19246	-0.038232	-0.47825	0.15597	0.20032	0.34653	0.17975	0.045212	0.074798	0.001513	-0.14538	0.10644	-0.0010976	-0.036416	-0.01255	0.1138	0.18688	0.17908	-0.061364	0.13496	0.045379	-0.060759	0.08729	-0.081229	0.15742	0.24245
0.43168	0.62641	0.58497	0.013949	0.16267	0.65101	0.57383	-0.032407	0.6435	0.079911	-0.11213	-0.17125	0.10885	0.32316	0.8223	0.31395	0.60422	0.50638	-0.028544	0.1472	-0.031874	0.55383	0.035362	0.0010106	0.17763	-0.22249	0.39256	0.26861	-0.12314	0.31133	0.39971	-0.26372	-0.43266	0.047961	-0.22222	0.047173	0.22653	0.1545	0.16785	0.54598	0.37701	0.34461	0.11388	0.28031	0.20601	0.27202	0.22427	0.31644	-0.20799	0.15341	-0.23441	-0.31535	-0.068881	0.17722	0.16301	0.11165	0.32724	0.089765	0.3302	0.090101	0.048533	0.18179	0.08118	0.046646	0.021139	-0.075028	0.7208	0.07582	-0.085824	0.34723	0.19974	0.062954	0.15365	0.20205	0.187	0.11964	0.10212	0.41161	0.70425	-0.055773	-0.086748	0.1671	0.13583	0.10462	-0.063303	0.27841	-0.17346	0.23171	0.39373	0.27573	0.46783	-0.021415	0.087118	0.18823	-0.042118	0.17781	-0.080623	0.10723	0.20764	0.11726	0.31046	0.087191	0.23577	0.0905	0.2308	0.054121	-0.050416	0.02276	0.25835	-0.29568	0.3634	-0.12194	0.30726	0.27475	0.045156	0.15549	0.054657	-0.091812	0.47527	0.044732	0.16095	0.36508	0.30804	0.40514	0.23941	0.26278	0.31529	0.19832	0.012476	0.18229	-0.20648	0.46633	0.41873
0.10323	0.27734	0.37007	0.034523	0.12812	0.34045	0.21572	0.042465	0.18785	0.16752	0.18653	-0.10827	0.2443	-0.056319	0.31395	0.77364	0.25488	0.23758	0.042015	0.24384	-0.13397	0.24269	-0.13632	-0.19275	-0.064953	-0.43704	0.13892	0.1786	-0.096591	0.061212	0.10515	0.24613	-0.17723	-0.054206	0.074811	-0.14032	0.29415	-0.16119	-0.031694	0.15815	0.17143	-0.027239	0.12599	0.085083	-0.10408	-0.0034861	0.035793	0.001947	-0.063841	0.0036723	0.071488	-0.13014	0.11151	-0.067129	0.10379	-0.076016	0.44369	-0.17054	0.1055	0.12545	0.33352	0.25366	-0.13114	0.48313	0.091693	0.17421	0.27625	-0.030871	-0.013799	0.081027	0.040245	-0.1683	0.028896	0.037745	0.51582	-0.096739	-0.14565	0.11104	0.11691	0.043632	-0.17898	-0.037667	0.11008	-0.11676	0.069248	0.08956	-0.12888	-0.077618	0.2733	0.054787	0.16658	-0.12632	-0.029635	-0.055444	0.024708	-0.1137	-0.21409	0.11362	-0.082676	-0.12158	0.15922	-0.1846	0.032759	-0.16608	-0.094668	0.088227	-0.08024	-0.15285	0.086343	-0.019235	0.21398	-0.011168	-0.14165	-0.11366	0.031776	-0.011431	0.0027386	-0.0020431	0.15833	-0.1113	0.039048	0.35977	0.046005	0.16744	-0.1063	0.12427	0.14403	0.18878	-0.12925	-0.023499	-0.19697	0.28993	0.37577
0.46465	0.51112	0.51488	0.13308	0.17343	0.48861	0.484	0.07363	0.43018	0.082874	-0.14852	-0.16878	0.25632	0.28242	0.60422	0.25488	0.67775	0.45196	0.057417	0.24761	0.059863	0.53257	0.085328	0.13223	0.23122	-0.15562	0.47574	0.35699	-0.13382	0.32386	0.32099	-0.29479	-0.45221	0.13085	-0.29016	0.17369	0.19524	0.25528	0.16008	0.48472	0.29398	0.4241	0.16304	0.30401	0.25584	0.2485	0.043526	0.33573	-0.14313	0.20772	-0.24136	-0.39856	-0.063063	0.31108	0.34518	0.17601	0.29371	0.11007	0.22815	0.034781	0.082408	0.24964	0.0437	0.27553	-0.11892	-0.045823	0.48406	0.20322	0.0064463	0.27318	0.24726	0.074641	0.16405	0.24976	0.32621	0.12327	0.17645	0.55019	0.52653	0.17851	-0.032454	0.20498	0.16686	0.12372	0.16395	0.19441	-0.13974	0.29829	0.30975	0.33763	0.43508	-0.052877	0.17627	0.067223	0.0037231	0.15556	0.05217	0.1877	0.27739	0.13118	0.39988	0.15873	0.43013	0.093038	0.27005	0.035891	0.092113	0.15346	0.19836	-0.34452	0.42626	-0.19859	0.2776	0.2674	0.15877	0.22213	0.11175	-0.083604	0.39482	0.086908	0.16214	0.33158	0.12147	0.52198	0.29123	0.19849	0.2737	0.20198	-0.0027771	0.22946	-0.16076	0.32826	0.23214
0.2591	0.33856	0.50395	0.10607	-0.0047012	0.43383	0.44657	0.013473	0.37542	0.15634	-0.025948	-0.28767	0.26372	0.021467	0.50638	0.23758	0.45196	0.66278	-0.24386	0.22032	-0.2599	0.35765	-0.15829	-0.29613	-0.11319	-0.047058	0.23738	0.18761	-0.16815	0.10054	0.17431	-0.11387	-0.28936	-0.11069	-0.12631	-0.095726	0.3207	-0.14444	0.03724	0.27661	-0.022601	0.25675	-0.068451	0.11693	0.012568	-0.12383	0.34177	0.17057	-0.29963	-0.18061	-0.18121	-0.18039	-0.077502	0.077843	0.18399	-0.066756	0.32874	-0.058247	0.20482	0.0015078	0.1509	0.35956	-0.047074	0.33762	-0.060449	0.072648	0.46857	-0.046007	-0.036185	0.07187	-0.030737	-0.078033	-0.15306	0.090024	0.38806	0.14281	-0.24136	0.39473	0.46096	0.062645	-0.33164	0.052249	0.023717	-0.057294	-0.012874	-0.10357	-0.16382	-0.065065	0.30854	-0.04002	0.20848	-0.36137	-0.19022	-0.14973	0.1084	-0.06862	-0.2268	0.030603	-0.035655	-0.11404	0.25113	-0.1387	0.073713	-0.24304	0.056076	0.040696	0.037158	-0.13066	0.10431	-0.12278	0.1219	-0.1914	-0.030995	0.023843	0.056846	0.0042829	-0.086317	-0.17881	0.30879	-0.24337	0.058318	0.25631	0.079286	0.3953	-0.015903	0.13603	0.49473	0.050498	-0.23494	0.026981	0.082497	0.23185	0.47216
0.20397	0.20583	-0.027292	-0.23711	0.28579	-0.02163	0.041552	0.23075	-0.12509	0.057646	0.25035	0.079789	-0.068811	0.11355	-0.028544	0.042015	0.057417	-0.24386	0.66815	0.24906	0.76126	-0.12851	0.38164	0.69348	0.49033	-0.17745	0.091168	0.058008	-0.076478	0.36229	-0.02814	-0.26908	-0.3156	0.21193	-0.1294	0.4682	-0.30588	0.47202	0.17339	0.14324	0.59491	-0.013295	0.25113	0.16019	0.32061	0.6329	-0.21574	0.028373	0.54069	0.71988	-0.29146	-0.18092	0.01263	0.25872	0.020058	0.32959	-0.11886	0.27809	-0.21952	0.015273	-0.062616	-0.30653	0.27794	-0.16161	0.21502	-0.042584	-0.030696	0.04404	-0.16297	0.020358	0.25224	0.11745	0.6867	0.15139	-0.19321	-0.22963	0.59708	-0.096609	-0.10852	0.058656	0.30283	0.18067	0.24015	0.30398	0.15829	0.28312	-0.14956	0.50363	-0.077307	0.4436	0.1923	0.35096	0.69489	0.1871	0.00042172	0.18409	0.69499	0.17952	0.36332	0.51931	0.2431	0.52657	0.39162	0.39357	0.1915	0.16504	-0.20213	0.50834	0.076243	-0.24457	0.27067	0.053898	0.36576	0.19138	0.0075326	0.078016	0.40075	0.20606	-0.028201	0.60061	0.10384	0.060056	0.071189	-0.13646	0.41438	0.076676	-0.17525	0.32313	0.15639	0.055693	0.015777	0.11631	-0.15379
0.38624	0.16925	0.38668	-0.21835	0.54294	0.27644	0.44377	0.45008	0.052391	0.57199	0.49418	-0.16817	0.52089	-0.097733	0.1472	0.24384	0.24761	0.22032	0.24906	0.4769	0.46766	0.28145	0.445	0.36268	0.0085639	-0.18946	0.44834	0.27095	-0.1871	0.5116	0.34983	0.31675	-0.27305	0.32265	0.19837	0.4759	0.36844	0.34072	0.35768	0.1833	0.38869	0.062695	0.22042	0.35511	0.34941	0.17809	-0.33391	0.19077	0.45113	0.26748	-0.07363	-0.18853	0.40606	0.34031	0.45295	0.44406	0.50818	0.26862	-0.15998	0.54717	0.64649	0.46481	0.19838	0.37824	0.35211	0.35688	0.22854	0.029882	-0.064961	0.38999	0.18294	0.074201	0.27849	0.3652	0.55068	-0.1744	0.33419	0.13624	-0.0065322	0.1812	-0.1627	0.37294	0.62905	0.38497	0.43441	0.20263	-0.15013	0.32144	0.16654	0.30328	0.3078	0.040345	0.16725	0.27443	0.11664	0.18192	0.37163	0.44483	0.27044	0.44805	0.41872	0.40929	0.33938	0.29134	0.23346	0.50388	-0.14139	0.40785	0.34977	-0.086972	0.20764	-0.051063	0.2066	0.14357	0.098537	0.30317	0.47394	0.5481	0.26747	0.41332	0.41132	0.41453	-0.090567	0.094161	0.13781	0.59642	0.20728	0.54889	0.21531	0.22709	-0.12355	0.22203	-0.21265
0.33733	0.17134	0.00044427	-0.35619	0.52073	-0.018886	0.1215	0.42956	0.003809	0.29686	0.43011	0.036038	0.13671	0.046574	-0.031874	-0.13397	0.059863	-0.2599	0.76126	0.46766	0.95805	-0.028133	0.71556	0.87239	0.42204	-0.31168	0.33073	0.19948	-0.037708	0.61065	0.11304	-0.10446	-0.22754	0.45002	-0.019737	0.74958	-0.049787	0.64977	0.40182	0.15782	0.59251	-0.027598	0.34496	0.38396	0.55468	0.58479	-0.33916	0.2347	0.86626	0.64678	-0.20774	-0.11027	0.23524	0.52747	0.13982	0.6125	0.073743	0.61952	-0.22442	0.20044	0.12424	-0.16035	0.60549	-0.15725	0.095802	0.098055	0.04575	0.084323	-0.14164	0.15249	0.32368	0.37319	0.64005	0.40723	-0.13897	-0.22045	0.6418	-0.044653	-0.020949	0.040378	0.28662	0.41835	0.45911	0.63184	0.25973	0.32203	-0.049443	0.66665	-0.15719	0.50441	0.30583	0.35972	0.63537	0.35534	0.11198	0.38076	0.94646	0.20077	0.55766	0.85009	0.2071	0.76696	0.51903	0.58135	0.36618	0.53803	-0.2548	0.75427	0.31464	-0.086878	0.12875	0.23291	0.58626	0.37011	0.0026589	0.3108	0.66532	0.4143	0.1511	0.81754	0.39827	0.11945	0.19831	-0.17396	0.53264	0.34768	-0.25641	0.53403	0.22918	0.2515	-0.16644	0.16964	-0.24216
0.30608	0.36178	0.4777	0.15041	0.28726	0.32957	0.38841	-0.068871	0.53789	0.15091	-0.24737	-0.086354	0.22319	0.23934	0.55383	0.24269	0.53257	0.35765	-0.12851	0.28145	-0.028133	0.70798	0.16218	-0.023363	0.054009	-0.35175	0.52313	0.20219	-0.010043	0.3508	0.3394	-0.36245	-0.48177	0.2013	-0.013831	0.11065	0.43294	0.14567	0.13022	0.51878	0.22767	0.51685	0.15573	0.26924	0.1543	0.17647	-0.1042	0.23296	-0.10397	0.053321	0.18909	-0.33559	-0.11826	0.21265	0.33335	0.19571	0.39264	0.058022	0.28613	0.26897	0.30245	0.24841	-0.032551	0.29804	-0.013955	0.096076	0.5004	0.2453	0.20013	0.43889	0.28466	-0.040681	0.067791	0.24597	0.34025	0.28054	0.225	0.46199	0.40249	0.26753	0.021581	0.16383	0.16849	0.06126	0.32216	0.4014	0.1379	0.12791	0.32157	0.23409	0.48389	0.089145	-0.007605	0.24321	-0.00066419	0.16176	-0.076767	0.32116	0.21132	0.10166	0.28171	0.075791	0.32367	0.14735	0.1578	0.034719	0.2585	0.13719	0.21703	-0.24244	0.26236	0.049512	0.22468	0.13027	0.1337	0.30699	0.12259	0.1643	0.40693	0.1258	0.21047	0.29946	-0.02763	0.49684	0.094322	0.27272	0.30732	0.24546	0.27182	0.23871	-0.33505	0.28802	0.19335
0.46765	0.071141	0.070268	-0.35821	0.67585	0.029331	0.14189	0.43027	0.13686	0.48987	0.27773	-0.19345	0.32821	-0.038168	0.035362	-0.13632	0.085328	-0.15829	0.38164	0.445	0.71556	0.16218	0.91485	0.66763	0.11721	-0.27771	0.59304	0.31595	-0.15655	0.6459	0.24071	-0.088448	-0.17349	0.76506	0.080074	0.90599	0.066059	0.80424	0.69936	0.12047	0.3681	0.1212	0.45792	0.74517	0.82956	0.27102	-0.30276	0.65926	0.64878	0.27003	-0.038386	-0.068612	0.41342	0.78077	0.25269	0.91781	0.13267	0.79496	-0.21807	0.32488	0.28866	-0.072163	0.76693	-0.028236	0.046109	0.3269	0.15633	-0.014036	-0.010337	0.29064	0.41722	0.58842	0.28573	0.8149	0.014241	-0.18447	0.55086	0.090123	0.28382	0.087343	-0.060904	0.749	0.54227	0.80479	0.46105	0.39368	-0.10718	0.74378	-0.15733	0.27339	0.55303	0.27056	0.17529	0.68505	0.3248	0.65135	0.59346	0.22319	0.66739	0.84988	0.038109	0.82771	0.64129	0.81666	0.66995	0.70888	-0.22474	0.78258	0.69946	0.030153	0.068179	0.071361	0.66853	0.64247	0.20216	0.73814	0.62177	0.60265	0.63137	0.76828	0.67143	0.19852	0.35258	-0.038141	0.40932	0.52173	-0.23289	0.67434	0.47703	0.62212	-0.21123	0.050751	-0.2954
0.4169	0.17675	0.022615	-0.38121	0.48605	-0.0021681	0.13576	0.48774	0.025138	0.24173	0.41523	0.015215	0.19327	0.060082	0.0010106	-0.19275	0.13223	-0.29613	0.69348	0.36268	0.87239	-0.023363	0.66763	0.8811	0.47853	-0.22573	0.38678	0.24762	-0.046602	0.58185	0.22453	-0.06614	-0.16298	0.44954	-0.077876	0.71102	-0.098362	0.70007	0.40379	0.1615	0.54848	0.021376	0.377	0.41404	0.57157	0.57733	-0.37667	0.30948	0.75314	0.62825	-0.2761	-0.0006084	0.30382	0.55359	0.10147	0.58141	0.036712	0.64557	-0.20865	0.12453	0.052393	-0.15888	0.64347	-0.15837	-0.01209	0.048932	0.052887	0.050978	-0.15862	0.22153	0.33876	0.43414	0.61173	0.42483	-0.15373	-0.21291	0.58747	0.0017686	0.079598	-0.0046479	0.31211	0.41979	0.44036	0.63922	0.17259	0.274	-0.062082	0.68724	-0.18227	0.49706	0.27982	0.29964	0.62758	0.31771	0.15402	0.40881	0.89144	0.16246	0.57022	0.80726	0.19345	0.7514	0.52797	0.55743	0.41544	0.51802	-0.2693	0.70304	0.33092	-0.057934	0.19782	0.13707	0.60982	0.43881	0.0064175	0.31837	0.61076	0.27506	0.18768	0.75269	0.40357	0.10898	0.25451	-0.16111	0.60008	0.3301	-0.31985	0.4943	0.18696	0.29722	-0.24575	0.15167	-0.31651
0.13472	0.30894	-0.0031067	-0.02707	0.25979	0.1329	0.096716	-0.050533	0.2592	-0.16857	0.013845	0.28501	-0.31172	0.34202	0.17763	-0.064953	0.23122	-0.11319	0.49033	0.0085639	0.42204	0.054009	0.11721	0.47853	0.63372	-0.26043	-0.076555	0.26964	0.18467	0.40127	0.058073	-0.15037	-0.10301	0.1881	-0.15686	0.23006	0.019451	0.36199	0.16345	0.31617	0.49369	0.18969	0.03201	0.20357	0.2998	0.67974	-0.042942	0.20374	0.13881	0.63092	-0.17337	-0.086242	0.090929	0.17941	0.12241	0.18742	0.081462	0.12086	0.07737	0.098347	-0.088036	-0.17072	0.19735	-0.17812	-0.010204	-0.12742	0.17617	0.32202	-0.0042631	0.073118	0.476	0.13695	0.63113	0.13038	-0.15694	0.11722	0.39524	0.15917	0.21211	0.052197	0.48298	0.17641	0.22414	0.22387	-0.065917	0.33853	0.15311	0.5411	0.12674	0.55394	0.25943	0.44449	0.74965	0.16624	-0.030427	0.038119	0.37095	0.12529	0.47211	0.26939	0.29547	0.29892	0.42821	0.1953	0.21462	-0.038835	0.045234	0.50613	0.079805	-0.19532	0.21045	0.1106	0.57709	0.28027	-0.031406	0.13767	0.36284	-0.035259	0.10957	0.28069	0.15313	0.14981	0.093111	-0.021531	0.37191	0.09078	-0.089496	0.2678	0.036544	0.17704	-0.10233	0.35007	-0.10598
0.050652	-0.39157	-0.14481	-0.18315	-0.41742	-0.19607	-0.13442	0.075005	-0.41295	-0.046754	-0.076448	-0.26131	0.064658	-0.38356	-0.22249	-0.43704	-0.15562	-0.047058	-0.17745	-0.18946	-0.31168	-0.35175	-0.27771	-0.22573	-0.26043	0.56845	-0.088228	-0.11396	-0.078629	-0.35166	0.033831	0.04315	0.38185	-0.27228	-0.054941	-0.29229	-0.36705	-0.16186	-0.22461	-0.47055	-0.49609	-0.32768	-0.25951	-0.28955	-0.27777	-0.39761	0.50609	-0.17462	-0.15717	-0.42986	-0.37533	0.1846	-0.09396	-0.28102	-0.34159	-0.3055	-0.40969	-0.1509	-0.31155	-0.32455	-0.35878	-0.10554	-0.12432	-0.2443	-0.19243	-0.11177	-0.40332	-0.40324	-0.25339	-0.14178	-0.53849	-0.15678	-0.32727	-0.30657	-0.32187	-0.27567	-0.45011	-0.32578	-0.17668	-0.39171	-0.2846	-0.23362	-0.21306	-0.22026	-0.30277	-0.54099	-0.11473	-0.37396	-0.40335	-0.46751	-0.45975	-0.33987	-0.25791	-0.24333	0.040593	-0.20524	-0.17411	-0.41093	-0.41298	-0.28082	-0.17669	-0.27549	-0.4644	-0.30389	-0.22855	-0.18524	-0.3016	-0.38652	-0.22497	0.18125	0.015369	-0.080733	-0.39104	-0.21527	0.025547	-0.33185	-0.32573	-0.3093	-0.25392	-0.34543	-0.23717	-0.3447	-0.091922	-0.25643	-0.18351	-0.2411	-0.10277	-0.40462	-0.11674	-0.23402	0.56268	-0.36643	0.027478
0.61728	0.21502	0.52927	-0.2663	0.5544	0.35431	0.50445	0.50513	0.27893	0.58032	0.27496	-0.33365	0.69426	-0.039192	0.39256	0.13892	0.47574	0.23738	0.091168	0.44834	0.33073	0.52313	0.59304	0.38678	-0.076555	-0.088228	0.82818	0.35413	-0.24457	0.5488	0.59626	0.046878	-0.20155	0.54861	0.14242	0.57646	0.2355	0.58764	0.51914	0.2857	0.30833	0.23378	0.41675	0.60988	0.56223	0.060282	-0.29626	0.53009	0.24016	0.085171	-0.12595	-0.15185	0.40609	0.56052	0.41706	0.64568	0.3542	0.45352	-0.076534	0.40194	0.45688	0.33387	0.41827	0.3864	-0.015015	0.34597	0.39882	-0.066455	-0.079646	0.58557	0.24058	0.29902	0.063357	0.61033	0.4494	-0.19297	0.3503	0.28273	0.40753	0.1347	-0.27693	0.5819	0.5463	0.50364	0.48494	0.25083	-0.2379	0.44249	0.10141	0.21429	0.53648	0.011776	-0.0016974	0.51079	0.25588	0.39361	0.22856	0.36337	0.38589	0.4933	0.30293	0.4709	0.49889	0.46788	0.47036	0.55511	-0.17344	0.41903	0.60394	0.035775	0.28119	-0.19186	0.36693	0.39178	0.23502	0.58659	0.40817	0.46445	0.65195	0.402	0.53856	0.44558	0.21776	0.31473	0.21212	0.5918	0.020661	0.52721	0.39228	0.5105	-0.30194	0.17927	-0.1836
0.52115	0.27365	0.30387	-0.056383	0.51268	0.37037	0.40389	0.1538	0.28689	0.42589	0.24147	-0.031377	0.26009	0.21103	0.26861	0.1786	0.35699	0.18761	0.058008	0.27095	0.19948	0.20219	0.31595	0.24762	0.26964	-0.11396	0.35413	0.67943	-0.037655	0.55192	0.49801	0.24027	-0.14523	0.41444	0.13706	0.36627	0.41426	0.44102	0.51519	0.22248	0.22791	0.19748	0.28432	0.49615	0.45605	0.16948	-0.23504	0.49195	0.13175	0.21564	-0.10374	-0.087152	0.5191	0.46611	0.57219	0.415	0.58324	0.37837	0.1277	0.47304	0.47022	0.49439	0.28246	0.22488	0.018857	0.33142	0.34217	0.23477	0.13253	0.4516	0.32017	0.35518	0.12252	0.51383	0.39151	0.010209	0.11555	0.28688	0.37539	0.014671	0.0067871	0.49457	0.57761	0.50476	0.042733	0.077755	-0.057064	0.47387	0.17352	0.39476	0.21104	-0.01521	0.13539	0.18097	0.2239	0.31462	0.13962	0.22079	0.44426	0.33896	0.38755	0.38999	0.38795	0.23205	0.47116	0.40213	-0.070396	0.39844	0.47881	-0.029786	0.31619	-0.14817	0.38356	0.4567	0.2552	0.41381	0.43764	0.24157	0.47239	0.22705	0.56291	0.4752	0.051085	0.21939	0.34104	0.58286	-0.016078	0.47815	0.051193	0.46254	-0.15635	0.42996	-0.28577
-0.22724	-0.0013532	-0.20378	0.28605	-0.072577	-0.033008	-0.10923	-0.25259	0.16664	-0.21143	-0.24509	0.31952	-0.29744	0.22646	-0.12314	-0.096591	-0.13382	-0.16815	-0.076478	-0.1871	-0.037708	-0.010043	-0.15655	-0.046602	0.18467	-0.078629	-0.24457	-0.037655	0.37965	0.011869	-0.21116	-0.11305	0.035796	-0.13873	-0.11652	-0.10133	0.21171	-0.1169	-0.13715	0.035412	-0.079722	0.089497	-0.041453	-0.16361	-0.085457	0.073776	-0.011401	-0.1243	-0.11723	0.019537	0.059627	-0.06655	-0.17987	-0.09114	0.031703	-0.1546	-0.073644	-0.14201	0.16126	-0.10058	-0.14306	-0.14998	-0.16584	-0.15378	-0.048912	-0.10147	-0.10665	0.32156	0.31205	-0.17464	0.13231	-0.10402	-0.04604	-0.16534	-0.16324	0.29418	0.090661	0.071612	-0.089228	0.098028	0.38136	-0.13096	-0.11972	-0.14201	-0.023476	-0.022798	0.44489	-0.083777	0.037794	0.027292	-0.10655	0.12024	0.026963	-0.14598	-0.083758	-0.088371	-0.051191	0.0040228	0.0065137	-0.11629	0.031853	-0.090804	-0.080275	-0.098227	-0.068979	-0.20485	0.23998	0.014511	-0.17895	-0.10845	0.071343	0.34792	0.0013914	-0.081986	0.18151	-0.12645	-0.1027	-0.070232	-0.19278	-0.10002	-0.167	-0.15832	-0.10587	-0.060573	-0.044687	-0.13264	-0.031362	-0.11576	-0.10759	-0.12886	-0.051776	-0.084199	-0.046957
0.63414	0.31993	0.36159	-0.2477	0.82991	0.29925	0.4527	0.35974	0.41359	0.60249	0.37824	-0.018538	0.32994	0.18652	0.31133	0.061212	0.32386	0.10054	0.36229	0.5116	0.61065	0.3508	0.6459	0.58185	0.40127	-0.35166	0.5488	0.55192	0.011869	0.88561	0.51258	0.017309	-0.24534	0.68778	0.27161	0.66805	0.40582	0.7153	0.66624	0.36904	0.56242	0.31839	0.50949	0.64655	0.6617	0.47431	-0.26201	0.53026	0.50233	0.47826	-0.10232	-0.12865	0.53381	0.63078	0.50137	0.6893	0.56823	0.56248	0.048795	0.59111	0.54255	0.18069	0.5533	0.1392	0.10261	0.4546	0.44183	0.17431	0.13386	0.54685	0.48819	0.43522	0.40106	0.66601	0.26078	0.030708	0.50734	0.18549	0.39165	0.073689	0.18984	0.65748	0.74704	0.70197	0.25298	0.34604	0.07728	0.67083	0.077967	0.48392	0.45642	0.20876	0.37633	0.43862	0.3229	0.44246	0.48371	0.38603	0.63448	0.71417	0.42555	0.68191	0.59423	0.49991	0.57276	0.6172	-0.097484	0.75257	0.65336	0.063117	0.32797	0.16355	0.646	0.50171	0.23877	0.56457	0.69243	0.52874	0.57842	0.61539	0.69127	0.43903	0.18077	0.1158	0.47273	0.7534	-0.11586	0.78171	0.31941	0.54144	-0.23304	0.42417	-0.21635
0.63859	0.079686	0.4394	-0.50499	0.48131	0.32566	0.49873	0.37334	0.21323	0.61545	0.38576	-0.29932	0.5121	-0.094944	0.39971	0.10515	0.32099	0.17431	-0.02814	0.34983	0.11304	0.3394	0.24071	0.22453	0.058073	0.033831	0.59626	0.49801	-0.21116	0.51258	0.91891	0.27912	-0.032344	0.4212	0.31751	0.15688	0.22933	0.44564	0.33957	0.093586	0.27815	-0.0019524	0.40384	0.41303	0.21839	0.087566	-0.284	0.31326	0.059885	0.096449	-0.17092	0.05859	0.55101	0.17846	0.31553	0.28889	0.4412	0.21104	-0.15031	0.50527	0.44946	0.45787	0.22862	0.2313	-0.021801	0.45981	0.32181	-0.19254	-0.13301	0.83046	-0.042907	0.099601	0.086013	0.37837	0.29989	-0.33628	0.061328	-0.075351	0.30315	-0.32793	-0.1931	0.30935	0.63234	0.31664	-0.036221	0.072067	-0.24105	0.24939	-0.039824	0.16095	0.18345	0.012005	0.1249	0.34881	0.31428	0.19497	0.037786	0.19153	0.13863	0.24131	0.44806	0.19385	0.088619	0.19807	0.20869	0.4137	-0.38781	0.14944	0.5192	0.24177	0.31397	-0.25226	0.18504	0.22853	0.26855	0.24429	0.28714	0.30527	0.46866	0.23908	0.47821	0.47265	0.068308	0.094502	0.17297	0.64309	-0.1961	0.3941	0.34368	0.29989	-0.28314	0.40975	-0.29802
0.081775	-0.38749	-0.11767	-0.40312	0.06415	-0.28891	-0.1427	0.30566	-0.26242	0.3996	0.53215	-0.17612	0.21436	-0.45497	-0.26372	0.24613	-0.29479	-0.11387	-0.26908	0.31675	-0.10446	-0.36245	-0.088448	-0.06614	-0.15037	0.04315	0.046878	0.24027	-0.11305	0.017309	0.27912	0.16229	0.20107	0.059073	0.35888	-0.14182	-0.12738	-0.11954	-0.067651	-0.38036	-0.16386	-0.2697	0.18495	0.054114	-0.16168	-0.19429	-0.25177	-0.044761	-0.032287	-0.16985	-0.17307	0.49522	0.28542	-0.13051	-0.010295	-0.10933	-0.094128	0.022499	-0.31419	-0.10977	0.10429	0.18038	0.13421	0.44721	-0.096622	0.28391	-0.14677	-0.47463	-0.13666	0.174	-0.28967	-0.072111	-0.12786	0.010113	0.09214	-0.29635	-0.28736	-0.36715	-0.13138	-0.25048	-0.14505	-0.093467	0.04037	-0.054459	-0.18797	-0.32255	-0.14127	-0.15288	-0.2951	-0.241	-0.18956	-0.15058	-0.076781	-0.087938	0.256	-0.10949	-0.060897	-0.14693	-0.2099	-0.094537	-0.083532	-0.14736	-0.23421	-0.14149	-0.15019	0.2811	-0.34571	-0.1743	0.09048	0.56113	-0.11831	-0.18313	-0.17486	-0.12029	-0.019662	-0.13367	-0.10402	-0.095771	0.03098	-0.08347	0.02323	0.050146	-0.046215	-0.1322	-0.12419	0.020841	-0.28154	-0.010238	-0.1349	-0.11311	-0.1202	-0.20821	-0.21986
-0.18525	-0.49002	-0.3333	-0.32009	-0.19081	-0.39626	-0.30489	0.095704	-0.35107	-0.019888	0.14349	-0.074921	0.040866	-0.43713	-0.43266	-0.17723	-0.45221	-0.28936	-0.3156	-0.27305	-0.22754	-0.48177	-0.17349	-0.16298	-0.10301	0.38185	-0.20155	-0.14523	0.035796	-0.24534	-0.032344	0.20107	0.35021	-0.098127	0.14717	-0.19984	-0.36793	-0.11016	-0.10979	-0.46717	-0.26517	-0.33526	0.040655	-0.14255	-0.18283	-0.21116	-0.079359	-0.077384	-0.1662	-0.24313	-0.22077	0.87603	0.20142	-0.16475	-0.31275	-0.17309	-0.34193	-0.079033	-0.30689	-0.21917	-0.17234	-0.10569	0.12706	-0.0054275	-0.13023	0.12824	-0.35763	-0.39286	-0.032483	-0.1285	-0.32905	-0.118	-0.20425	-0.10597	-0.11474	-0.20202	-0.28187	-0.33099	-0.14191	-0.24117	-0.13976	-0.11429	-0.12942	-0.10086	-0.19899	-0.37673	0.0026308	-0.18361	-0.3764	-0.302	-0.23929	-0.13231	-0.12472	-0.17495	0.47173	-0.16487	-0.14486	-0.28352	-0.20968	-0.18654	-0.27766	-0.19514	-0.26607	-0.19892	-0.14667	-0.032843	-0.31494	-0.16984	-0.074912	0.39245	-0.11722	-0.09168	-0.22552	-0.14007	0.012439	-0.15993	-0.17884	-0.18897	-0.12232	-0.21639	-0.085598	-0.083968	0.012609	-0.43656	-0.1656	-0.16986	-0.25215	-0.20234	-0.12838	-0.11111	0.053649	-0.34774	-0.23598
0.51196	-0.024207	0.12861	-0.32985	0.80287	0.012333	0.20459	0.24494	0.16377	0.56687	0.25045	-0.14989	0.33919	-0.007242	0.047961	-0.054206	0.13085	-0.11069	0.21193	0.32265	0.45002	0.2013	0.76506	0.44954	0.1881	-0.27228	0.54861	0.41444	-0.13873	0.68778	0.4212	0.059073	-0.098127	0.81025	0.43634	0.67181	0.21079	0.74271	0.76395	0.083776	0.3468	0.22904	0.39851	0.73987	0.68839	0.25283	-0.31215	0.65454	0.48197	0.23817	0.13593	0.036137	0.63103	0.64258	0.35764	0.80327	0.40962	0.65972	-0.16403	0.63281	0.57665	0.033346	0.61126	0.12181	0.026695	0.48089	0.18979	-0.0062052	0.11405	0.55012	0.39507	0.49437	0.18737	0.79571	0.21984	-0.10467	0.38482	-0.034583	0.30583	-0.025256	-0.069035	0.74702	0.73039	0.77338	0.29562	0.30911	-0.042994	0.66897	-0.12489	0.35904	0.43895	0.28827	0.18191	0.67015	0.3353	0.58504	0.34586	0.31536	0.6349	0.66896	0.22478	0.66906	0.52115	0.65907	0.6226	0.62837	-0.17384	0.66881	0.72097	0.12549	0.13597	-0.014275	0.60224	0.61234	0.18927	0.74747	0.69609	0.62154	0.65201	0.62038	0.81507	0.33765	0.14062	-0.040915	0.37	0.73455	-0.33065	0.71988	0.55466	0.70472	-0.17435	0.16589	-0.40067
0.12591	-0.36838	-0.047323	-0.36734	0.37526	-0.20072	-0.10877	0.050655	-0.15195	0.50172	0.21957	-0.18806	0.297	-0.32163	-0.22222	0.074811	-0.29016	-0.12631	-0.1294	0.19837	-0.019737	-0.013831	0.080074	-0.077876	-0.15686	-0.054941	0.14242	0.13706	-0.11652	0.27161	0.31751	0.35888	0.14717	0.43634	0.45242	-0.0077179	0.062126	0.18888	0.15553	-0.26767	0.034401	-0.22448	0.73845	0.18748	-0.041736	-0.20544	-0.29753	0.093542	0.086267	-0.11674	0.080022	0.3978	0.47277	0.039103	0.14216	0.12774	0.27576	0.063399	-0.25307	0.37213	0.43638	0.10642	0.21258	0.18133	0.011262	0.97071	-0.15524	-0.24014	0.3708	0.21009	-0.13972	-0.009691	-0.17676	0.35222	0.22235	-0.30161	-0.15062	-0.37463	-0.15008	-0.1843	-0.2102	0.13137	0.44648	0.17228	-0.0097792	-0.16986	-0.10376	-0.054101	-0.16801	-0.1696	-0.082547	-0.1195	-0.058411	0.037681	0.92428	-0.018959	-0.064377	0.093669	-0.072423	0.048122	0.083241	-0.023546	-0.1292	-0.085988	-0.073174	0.33887	-0.30407	0.11937	0.46194	0.58066	0.011131	-0.1301	-0.16183	-0.075821	0.7339	0.086744	0.16376	0.35364	0.26855	0.15793	0.49691	0.21653	-0.11937	-0.19831	-0.13707	0.35319	-0.27448	0.33443	0.2824	0.068792	-0.084455	0.11437	-0.26806
